Complete_name	Kernel color	Sweet	GDD_DTS
12E:81FE8ABXX:4:H8	NA	0	1679.7045
3167B:81FE8ABXX:7:F8	NA	0	1664.3903
33-16:8042MABXX:2:H8	NA	0	1686.1813
38-11:8042MABXX:3:B10	NA	0	1654.5834
4226:8042MABXX:3:A12	NA	0	NA
4722:8042MABXX:4:H4	NA	0	NA
A131:81FENABXX:7:D4	NA	0	1319.8129
A188:8042MABXX:3:D3	NA	0	1363.449
A214N:8042MABXX:3:E11	NA	0	1823.7427
A239:8042MABXX:2:B2	NA	0	1483.1305
A272:8042MABXX:2:B5	NA	0	NA
A3G-3-1-3:81FE8ABXX:4:E10	NA	0	1674.5775
A441-5:8042MABXX:3:C4	NA	0	1655.9077
A554:8042MABXX:2:C6	NA	0	1328.8117
A556:8042MABXX:4:C8	NA	0	1318.9601
A6:8042MABXX:3:C5	NA	0	2066.9366
A619:8042MABXX:2:D3	NA	0	1479.9188
A632:8042MABXX:2:F4	NA	0	1524.5281
A634:8042MABXX:4:C1	NA	0	1534.4912
A635:8042MABXX:4:H9	NA	0	1449.802
A641:8042MABXX:3:G6	NA	0	1370.7009
A654:8042MABXX:2:A12	NA	0	1296.3825
A659:8042MABXX:2:D11	NA	0	1478.5323
A661:8042MABXX:4:G3	NA	0	1356.6583
A679:8042MABXX:3:B1	NA	0	1391.5592
A680:8042MABXX:2:C2	NA	0	1563.3652
A682:8042MABXX:2:E5	NA	0	1404.3204
Ab18:81FENABXX:5:C2	NA	0	1418.5049
Ab24E:81FENABXX:4:A8	NA	0	1769.1215
Ab28A:8042MABXX:4:A5	NA	0	1783.4323
Ab608A:81FENABXX:4:B12	NA	0	1699.798
Ab610:81FENABXX:6:D1	NA	0	1915.4281
Ab616:81FENABXX:4:E11	NA	0	1863.8205
AH83:81FE8ABXX:4:G8	NA	0	1699.3114
Ames_30480:81N4HABXX:1:C2	NA	NA	1629.9312
Ames10244:81FE8ABXX:7:H5	NA	0	2037.8168
Ames10247:81N4HABXX:3:C4	NA	0	1904.8317
Ames10249:81N4HABXX:3:A11	1	0	1682.6249
Ames10250:81N4HABXX:2:D8	0	0	1862.6952
Ames10251:81N4HABXX:2:D5	NA	0	1791.7047
Ames10252:81N4HABXX:3:H10	NA	0	1796.7353
Ames10253:81FE7ABXX:7:D2	NA	0	1752.8751
Ames10254:81N4HABXX:3:E9	1	0	1640.9848
Ames10255:81N4HABXX:4:A3	NA	0	1862.8749
Ames10256:81N4HABXX:2:G10	0	0	1732.1631
Ames10257:81N4HABXX:3:D2	NA	0	1781.4443
Ames10258:81N4HABXX:3:C2	NA	0	1847.4548
Ames10259:81N4HABXX:3:F12	0	0	1892.0335
Ames10260:81FE7ABXX:2:H4	0	0	2016.5568
Ames10261:81N4HABXX:2:H9	NA	0	1758.2443
Ames10262:81N4HABXX:2:C8	NA	0	2081.8429
Ames10263:81FE7ABXX:1:A9	NA	0	2312.0429
Ames10264:81FE7ABXX:3:C6	NA	0	2028.0172
Ames10265:81FENABXX:5:G6	NA	0	1852.8679
Ames10267:81FE7ABXX:6:A9	NA	0	1808.2403
Ames10269:81N4HABXX:3:G7	NA	0	1703.7398
Ames10271:81FE7ABXX:6:H9	NA	0	1674.3039
Ames10272:81N4HABXX:3:F10	NA	0	1857.8767
Ames10273:81FE7ABXX:7:C11	0	0	1809.6824
Ames10274:81N4HABXX:3:E3	NA	0	1816.8397
Ames10276:81N4HABXX:3:D3	0	0	1789.3644
Ames10277:81N4HABXX:2:G9	0	0	1804.213
Ames10287:81FE8ABXX:6:F2	NA	0	1516.1452
Ames12725:81FENABXX:4:A10	1	0	2086.8873
Ames12726:81N4HABXX:1:E9	1	0	1734.1294
Ames12727:81FENABXX:5:E6	1	0	1770.1846
Ames12728:81N4HABXX:1:A5	1	0	1836.9419
Ames12730:81N4HABXX:2:C4	NA	0	1833.3684
Ames12733:81FE8ABXX:7:B8	1	0	1776.294
Ames12736:81FE8ABXX:1:G8	1	0	1778.6843
Ames12737:81FE8ABXX:7:B2	NA	0	1726.8133
Ames12738:81N4HABXX:1:A4	1	0	1808.6483
Ames12739:81N4HABXX:2:F1	1	0	1774.8956
Ames12740:81N4HABXX:2:D1	NA	0	1811.3859
Ames12814:81FE8ABXX:1:C4	NA	0	1627.6113
Ames12815:81FE8ABXX:1:C9	NA	0	1595.0188
Ames12816:D0D0BACXX:3:H9	1	0	NA
Ames12817:81FE8ABXX:1:D5	1	0	1406.3769
Ames12818:81N4HABXX:6:H9	1	0	1662.1708
Ames12819:81FE8ABXX:1:A2	NA	0	1473.5513
Ames12820:81N4HABXX:6:F1	1	0	1546.7469
Ames12821:81FE8ABXX:1:F3	NA	0	1571.7552
Ames12822:81N4HABXX:6:G5	1	0	1609.9936
Ames12823:81N4HABXX:6:D3	NA	0	1486.3005
Ames12824:81FE8ABXX:1:H5	NA	0	1567.6018
Ames14111:81N4HABXX:2:C2	1	0	1799.6494
Ames14112:81FE7ABXX:4:F3	0	0	1729.9111
Ames14113:81FE8ABXX:7:G1	1	0	1698.5032
Ames14114:81FE8ABXX:7:D3	NA	0	1526.8161
Ames14115:81FENABXX:2:H5	NA	0	1551.7303
Ames14116:81FENABXX:1:C2	NA	0	1602.7282
Ames14211:81FE7ABXX:5:C11	NA	0	1358.1809
Ames14408:81FE8ABXX:1:H10	0	0	2201.6196
Ames19001:81FENABXX:3:H12	1	0	1582.6239
Ames19003:81N4HABXX:3:A6	1	0	1506.9957
Ames19004:81N4HABXX:3:D12	1	0	1517.6009
Ames19005:81FE8ABXX:2:B11	NA	0	1652.4562
Ames19006:81FE7ABXX:4:B7	1	0	1578.2912
Ames19007:81FE7ABXX:3:E6	1	0	1864.9768
Ames19008:81FE7ABXX:3:H10	1	0	1617.6816
Ames19009:81N4HABXX:6:E12	1	0	1740.3349
Ames19010:81FENABXX:7:A3	NA	0	1373.7947
Ames19011:81FE7ABXX:4:F10	NA	0	1674.7036
Ames19012:81FENABXX:1:B7	1	0	1713.155
Ames19013:81FENABXX:1:B12	1	0	1812.762
Ames19014:81N4HABXX:7:E5	NA	0	1548.8915
Ames19015:81FE7ABXX:5:F8	1	0	1715.2794
Ames19017:81N4HABXX:7:H9	1	0	1655.3156
Ames19019:81FENABXX:1:E12	1	0	1541.9151
Ames19283:81FE7ABXX:2:B1	NA	0	1537.3887
Ames19285:81N4HABXX:1:C8	NA	0	NA
Ames19286:81FENABXX:2:B1	NA	0	1530.4385
Ames19287:81FE7ABXX:5:E3	NA	0	1576.3213
Ames19289:81N4HABXX:6:F3	NA	0	NA
Ames19290:81N4HABXX:6:G1	NA	0	1556.5132
Ames19292:81FE8ABXX:5:A3	NA	0	1514.1966
Ames19294:81N4HABXX:7:H2	NA	0	1604.4908
Ames19310:81FE8ABXX:6:B1	NA	0	1371.4525
Ames19318:81FE7ABXX:4:G1	1	0	1589.4188
Ames19321:81FE7ABXX:4:G9	1	0	1664.6016
Ames19324:81FE7ABXX:2:H6	NA	0	1613.5788
Ames20116:81FE8ABXX:3:G7	0	0	1822.9823
Ames20118:81N4HABXX:3:A5	0	0	NA
Ames20119:81FENABXX:4:C11	1	0	1660.3968
Ames20120:81FE7ABXX:2:D6	NA	0	1493.7372
Ames20136:81FE7ABXX:1:B2	0	0	1730.0179
Ames20137:81FE7ABXX:1:B12	0	0	1677.9061
Ames20191:81FENABXX:6:C11	1	0	1303.2971
Ames21095:81FE7ABXX:5:D4	1	0	1751.5152
Ames21096:81FE8ABXX:6:B9	1	0	1818.0189
Ames22011:81FENABXX:5:D3	1	1	1342.5164
Ames22012:81FE7ABXX:1:H12	1	1	1220.1428
Ames22013:81FENABXX:5:C12	1	1	1258.6384
Ames22014:81FE7ABXX:1:F9	1	1	1289.0407
Ames22015:81FE7ABXX:4:B8	1	1	1255.1301
Ames22016:81FE8ABXX:1:G1	1	1	1283.6458
Ames22017:81FE8ABXX:1:C10	1	1	1346.3557
Ames22018:81N4HABXX:6:F8	1	1	1235.3
Ames22019:81N4HABXX:5:H11	1	1	1317.7317
Ames22020:81N4HABXX:6:G3	1	1	1316.2885
Ames22021:81N4HABXX:5:G10	1	1	1327.9532
Ames22022:81FE8ABXX:1:H8	1	1	1509.1786
Ames22023:81FE8ABXX:1:G4	1	1	1370.6362
Ames22024:81N4HABXX:5:F10	1	1	1385.3103
Ames22025:81FENABXX:1:C8	0	1	1415.729
Ames22026:81FE7ABXX:2:G5	0	1	1489.2045
Ames22027:81FE7ABXX:1:B7	0	1	1469.857
Ames22028:81FE7ABXX:4:C9	1	1	1311.6941
Ames22029:81FE7ABXX:5:B8	1	1	1275.9557
Ames22030:81N4HABXX:6:H11	1	1	1441.7353
Ames22031:81N4HABXX:7:D10	1	1	1315.6204
Ames22032:81FE7ABXX:3:G8	1	1	1338.7873
Ames22033:81FE7ABXX:7:G11	1	1	1317.9043
Ames22034:81FENABXX:3:H4	1	1	1219.5846
Ames22035:81FE8ABXX:4:C12	1	1	1257.446
Ames22036:81FENABXX:7:B7	1	1	1264.2062
Ames22037:81FE8ABXX:5:F5	1	1	1122.0318
Ames22038:81FE8ABXX:5:F10	1	1	1163.4784
Ames22039:81FE8ABXX:6:A8	1	1	1236.0869
Ames22040:81N4HABXX:6:D11	1	1	1236.838
Ames22041:81FENABXX:2:E8	1	1	1273.5427
Ames22042:81FENABXX:3:E11	1	1	1365.3602
Ames22043:81FE8ABXX:6:F12	1	1	1276.6118
Ames22044:81FE7ABXX:4:E8	1	1	1288.7645
Ames22045:81FE7ABXX:6:B2	1	1	1294.5918
Ames22046:81FE7ABXX:4:B10	1	1	1244.3219
Ames22047:81N4HABXX:7:H4	1	1	1350.8689
Ames22048:81FENABXX:3:A3	1	1	1481.1917
Ames22049:81FE7ABXX:4:F12	1	1	1458.896
Ames22050:81FE7ABXX:6:H2	1	1	1375.1424
Ames22051:81N4HABXX:2:G7	1	1	1520.6689
Ames22052:81FE8ABXX:4:E12	1	1	1492.2056
Ames22053:81FENABXX:3:F4	1	1	1454.0165
Ames22054:81FENABXX:7:E6	1	1	1208.034
Ames22055:81FENABXX:7:C7	1	1	1358.6979
Ames22056:81N4HABXX:2:E8	1	1	1235.1832
Ames22057:81FENABXX:1:E8	1	1	1323.8512
Ames22058:81FENABXX:3:B8	1	1	1339.8693
Ames22059:81FE8ABXX:6:E2	1	1	1272.9511
Ames22060:81FENABXX:7:A6	1	1	1414.8117
Ames22061:81FENABXX:3:H7	1	1	1518.4056
Ames22062:81FE8ABXX:6:D11	1	1	1423.77
Ames22064:81FE8ABXX:5:G10	1	1	1349.8275
Ames22065:81FE8ABXX:5:D5	1	1	1342.9585
Ames22066:81FENABXX:3:H3	1	1	1409.3431
Ames22067:81FE8ABXX:5:D10	1	1	1173.2129
Ames22439:81FE8ABXX:1:B8	1	0	1469.0138
Ames22441:81FE8ABXX:4:A1	1	0	1432.6701
Ames22442:81FE8ABXX:6:B7	1	0	1487.4763
Ames22747:81FE8ABXX:4:B6	1	0	1149.5098
Ames22748:81FE7ABXX:3:F10	1	0	1633.9475
Ames22749:81N4HABXX:7:C7	0	0	1522.0406
Ames22750:81N4HABXX:6:D12	NA	0	1535.3914
Ames22751:81N4HABXX:7:H6	1	0	1524.0551
Ames22752:81FENABXX:1:G4	1	0	1734.3856
Ames22753:81FE7ABXX:5:A7	1	0	1537.5151
Ames22755:81FENABXX:7:G5	NA	0	1556.2218
Ames22756:81FE8ABXX:1:E6	1	0	1522.4168
Ames22757:81N4HABXX:6:F5	1	0	1423.7954
Ames22758:D0D0BACXX:4:F3	0	0	NA
Ames22759:D0D0BACXX:4:D2	0	0	NA
Ames22760:81FE8ABXX:3:G3	0	0	1807.5567
Ames22761:81N4HABXX:5:G8	0	0	1842.8332
Ames22762:81FE7ABXX:7:G5	0	0	1598.9979
Ames22765:D0D0BACXX:4:B7	1	0	NA
Ames22766:81FE8ABXX:2:G9	0	0	1851.5717
Ames22767:81FE8ABXX:1:A5	1	0	1315.1563
Ames22792:81FENABXX:3:F2	1	0	1458.1521
Ames22793:81FENABXX:3:G8	1	0	1338.8457
Ames22794:81FENABXX:2:G10	1	0	1329.2146
Ames2325:81FENABXX:7:G2	NA	0	NA
Ames2326:81N4HABXX:7:E11	NA	0	1406.3162
Ames2327:81FE7ABXX:3:E7	NA	0	1525.9714
Ames2328:81FE7ABXX:5:D11	1	0	1393.2529
Ames2329:81FE7ABXX:6:E1	NA	0	1619.0024
Ames2330:81N4HABXX:6:F10	NA	0	1470.1509
Ames2331:81FE8ABXX:7:F12	NA	0	1447.5804
Ames2332:81FE7ABXX:4:A6	NA	0	1478.0537
Ames2333:81FE8ABXX:1:A3	0	0	1586.7847
Ames2334:81N4HABXX:6:C5	NA	0	NA
Ames2335:81FE8ABXX:1:E4	NA	0	1532.4972
Ames2336:81FE7ABXX:5:B5	NA	0	1471.9617
Ames2337:81FE7ABXX:5:F4	1	0	1527.9389
Ames2338:81N4HABXX:7:B8	1	0	1500.0048
Ames23389:81FE8ABXX:1:B10	1	0	1256.1839
Ames2339:81FENABXX:1:A4	0	0	1697.1611
Ames23391:81FENABXX:2:G9	0	0	1255.6541
Ames23392:81FE8ABXX:5:B9	1	0	1298.2471
Ames23393:81FENABXX:3:B9	NA	0	1291.2408
Ames23394:81FENABXX:3:H1	1	0	1307.063
Ames23395:81FENABXX:4:C10	1	0	1334.6004
Ames23396:81FE8ABXX:5:B4	1	0	1384.0909
Ames23397:81FENABXX:3:D6	1	0	1305.9175
Ames23398:81FENABXX:2:E9	0	0	1416.9302
Ames23399:81N4HABXX:3:C6	1	0	1403.4332
Ames2340:81FENABXX:2:A3	NA	0	1655.02
Ames23400:81FENABXX:7:D5	1	0	1420.5364
Ames23401:81FE8ABXX:5:G7	1	0	1387.9586
Ames23402:81FENABXX:4:E12	1	0	1543.7628
Ames23403:81FE8ABXX:5:A10	1	0	1303.9793
Ames23404:81N4HABXX:7:F7	1	0	1372.2182
Ames23406:81FE8ABXX:5:D7	1	0	1476.7417
Ames23407:81FE8ABXX:5:H9	1	0	1560.1211
Ames23408:81FENABXX:3:D9	1	0	1419.8162
Ames23409:81FENABXX:3:A7	NA	0	1493.2149
Ames2341:81FE7ABXX:4:E4	NA	0	1761.3128
Ames23410:81FENABXX:3:H2	1	0	1507.5699
Ames23413:81FENABXX:7:E5	1	0	1551.2467
Ames23414:81FE8ABXX:6:E3	NA	0	1358.9085
Ames23415:81FENABXX:2:F11	NA	0	1468.7803
Ames23417:81FE8ABXX:5:A7	0	0	1419.2625
Ames23418:81FE8ABXX:6:A1	0	0	1319.7096
Ames23419:81FENABXX:3:C6	0	0	1450.4938
Ames23420:81FE8ABXX:6:D9	0	0	1374.7823
Ames23421:81FE8ABXX:5:G5	1	0	1386.6367
Ames23422:81FE8ABXX:5:D3	1	0	1430.4711
Ames23423:81FE8ABXX:5:F1	1	0	1453.0533
Ames23424:81FE8ABXX:5:H1	1	0	1381.3182
Ames23425:81FENABXX:7:B6	1	0	1345.0896
Ames23426:81FE8ABXX:5:C4	1	0	1419.1494
Ames23427:81FENABXX:3:E2	1	0	1379.7425
Ames23428:81FENABXX:3:D3	1	0	1362.8023
Ames23429:81FENABXX:3:E7	1	0	1230.9696
Ames23430:81FE8ABXX:6:H7	1	0	1474.4282
Ames23431:81FE8ABXX:5:H2	1	0	1290.7147
Ames23433:81FE8ABXX:6:D3	1	0	1228.7347
Ames23434:81FE8ABXX:4:H11	1	0	1263.5471
Ames23435:81FE8ABXX:5:G2	1	0	1530.8596
Ames23436:81FENABXX:6:B7	1	0	1404.1666
Ames23437:81FENABXX:3:A5	1	0	1370.2629
Ames23438:81FE8ABXX:5:C6	1	0	1386.8511
Ames23439:81FENABXX:7:D6	1	0	1276.0754
Ames23440:81N4HABXX:4:A1	1	0	1226.8424
Ames23441:81FE8ABXX:6:A2	1	0	1271.4565
Ames23442:81FENABXX:2:A11	1	0	1263.3931
Ames23443:81N4HABXX:4:F8	1	0	1280.0878
Ames23444:81FE8ABXX:4:G12	1	0	1388.5888
Ames23445:81FE8ABXX:4:H12	1	0	1387.7085
Ames23446:81FE8ABXX:5:E10	NA	0	1308.6992
Ames23447:81FE8ABXX:6:F9	NA	0	1248.254
Ames23448:81FE8ABXX:5:C8	1	0	1278.4009
Ames23449:81FE8ABXX:6:D2	1	0	1433.2828
Ames23451:81FENABXX:3:C7	NA	0	1278.8349
Ames23452:81FENABXX:7:C5	1	0	1225.4333
Ames23455:81FE8ABXX:5:A12	1	0	1307.8386
Ames23456:81N4HABXX:5:D2	1	0	1460.2895
Ames23457:81FE8ABXX:6:B4	1	0	1469.0024
Ames23458:81N4HABXX:2:D11	1	0	1458.9104
Ames23459:81N4HABXX:7:B6	1	0	1629.1545
Ames23460:81FENABXX:2:F5	NA	0	1340.4018
Ames23461:81FE8ABXX:6:H5	1	0	1438.9072
Ames23463:81FE8ABXX:5:E9	1	0	1495.0087
Ames23464:81FE8ABXX:6:C11	1	0	1565.1678
Ames23465:81N4HABXX:2:F6	1	0	1425.4158
Ames23466:81FE8ABXX:6:E4	1	0	1446.8782
Ames23467:81FE8ABXX:6:G3	1	0	1450.5686
Ames23468:81FE8ABXX:6:A6	1	0	1468.4719
Ames23469:81FE8ABXX:1:B1	1	0	1445.1398
Ames23470:81N4HABXX:6:G7	NA	0	1531.5262
Ames23471:81FE8ABXX:5:H10	1	0	1691.3078
Ames23473:81FENABXX:2:G1	1	0	1472.2725
Ames23474:81FE8ABXX:5:D4	1	0	1559.3775
Ames23475:81FE8ABXX:4:F12	1	0	1467.5978
Ames23476:81FE8ABXX:5:A2	1	0	1366.9148
Ames23477:81FENABXX:4:D12	1	0	1416.0127
Ames23478:81FE8ABXX:6:H2	1	0	1509.6598
Ames23479:81FE8ABXX:5:B5	NA	0	1625.138
Ames23480:81FE8ABXX:5:G1	1	0	1566.5987
Ames23481:81FENABXX:3:A1	1	0	1569.1934
Ames23482:81FENABXX:7:H1	1	0	1311.1406
Ames23483:81FE8ABXX:6:C10	1	0	1302.1866
Ames23484:81FE8ABXX:6:F5	1	0	1392.0587
Ames23485:81FE8ABXX:5:A5	1	0	1314.0863
Ames23486:81FENABXX:2:C11	1	0	1375.2836
Ames23487:D0D0BACXX:3:F3	1	0	NA
Ames23488:81FE8ABXX:6:F6	1	0	1444.9082
Ames23490:81FE8ABXX:5:D8	NA	0	1261.7034
Ames23491:81FE8ABXX:6:D6	1	0	1371.4278
Ames23492:81FENABXX:3:G4	NA	0	1358.0143
Ames23493:81N4HABXX:7:F11	1	0	1517.7126
Ames23494:81FENABXX:3:C1	1	0	1551.8459
Ames23495:81FENABXX:7:F7	1	0	1467.2434
Ames23496:81FENABXX:7:F6	1	0	1453.5716
Ames23497:81FE8ABXX:5:H3	1	0	1241.6885
Ames23498:81FENABXX:3:G3	1	0	1381.6118
Ames23499:81FENABXX:3:C9	1	0	1240.8877
Ames23500:81FE8ABXX:5:G6	NA	0	1316.0253
Ames23501:81FE8ABXX:6:C2	1	0	1360.179
Ames23502:81FE8ABXX:6:H8	NA	0	1432.3115
Ames23504:81FENABXX:3:E4	1	0	1493.6888
Ames23505:81FE8ABXX:6:H6	1	0	1378.5391
Ames23507:81N4HABXX:7:E12	1	1	1281.7667
Ames23508:81FE8ABXX:6:F8	1	1	1203.0316
Ames23509:81FE8ABXX:5:E1	1	1	1225.3079
Ames23510:81FE8ABXX:5:H8	1	1	1245.8026
Ames23922:81FE8ABXX:1:B7	NA	0	1406.5822
Ames23923:81FE8ABXX:2:B9	0	0	1808.2114
Ames23924:81FE8ABXX:2:F12	1	0	1986.6279
Ames24585:81FENABXX:6:B5	1	0	1360.4133
Ames24589:81N4HABXX:7:H12	1	0	1752.935
Ames24590:81FE7ABXX:4:B3	1	0	1634.1086
Ames24704:81FENABXX:2:H12	NA	0	1395.9327
Ames24705:81FE8ABXX:5:D1	1	0	1645.3751
Ames24706:81FE8ABXX:5:F12	1	0	1312.1032
Ames24707:81FENABXX:2:H9	1	0	1459.7074
Ames24708:81FE8ABXX:6:E8	1	0	1407.7467
Ames24709:81FE8ABXX:6:C6	NA	0	1444.9314
Ames24710:81FENABXX:2:A12	1	0	1566.8744
Ames24711:81FE8ABXX:6:A4	1	0	1473.5901
Ames24713:81FENABXX:3:B4	1	0	1509.4188
Ames24714:81FENABXX:2:B10	1	0	1320.8248
Ames24715:81FENABXX:2:B9	1	0	1337.5324
Ames24716:81FE8ABXX:5:B1	1	0	1562.532
Ames24717:81FE8ABXX:6:D12	NA	0	1541.6608
Ames24718:81FENABXX:2:H11	1	0	1581.003
Ames24719:81FE8ABXX:6:G9	NA	0	1487.8987
Ames24720:81FE8ABXX:4:D12	1	0	1479.2409
Ames24721:81FENABXX:3:G7	1	0	1433.2168
Ames24722:81FENABXX:3:C3	1	0	1418.5059
Ames24723:81FE8ABXX:4:B12	NA	0	1380.5015
Ames24724:81FE8ABXX:6:F1	NA	0	1328.6756
Ames24725:81FE8ABXX:6:G7	NA	0	1285.2486
Ames24727:81FE8ABXX:5:C7	1	0	1494.2776
Ames24728:D0D0BACXX:3:G4	1	0	NA
Ames24729:81N4HABXX:6:D2	1	0	1434.7595
Ames24730:81N4HABXX:3:E8	1	0	1598.357
Ames24732:81FE8ABXX:5:E6	1	0	1330.0361
Ames24733:81FE8ABXX:6:F4	1	0	1397.3838
Ames24735:81FE8ABXX:6:G5	1	0	1530.2493
Ames24736:81FENABXX:3:F3	1	0	1494.1573
Ames24737:81FE8ABXX:5:F6	1	0	1512.2464
Ames24738:81FE8ABXX:6:A5	1	0	1449.2883
Ames24739:81N4HABXX:6:G9	1	0	1416.2564
Ames24740:81FE8ABXX:5:A1	1	0	1564.4469
Ames24741:81FE8ABXX:5:D2	1	0	1231.0078
Ames24742:81FE8ABXX:5:F8	1	0	1453.5322
Ames24743:81FE8ABXX:6:D4	1	0	1451.651
Ames24744:81FENABXX:4:B1	1	0	1513.6109
Ames24745:81FE8ABXX:5:E12	1	0	1483.0604
Ames24746:81FENABXX:7:H7	1	0	1523.2057
Ames24747:81FE8ABXX:6:G4	1	0	1553.9251
Ames24748:81FE8ABXX:6:B11	1	0	1509.334
Ames24749:81FENABXX:3:D4	1	0	1510.6888
Ames24750:81FENABXX:3:A6	1	0	1541.3678
Ames24751:81FE8ABXX:5:E5	1	0	1436.4992
Ames25177:81N4HABXX:5:H6	NA	0	1900.6045
Ames25179:81N4HABXX:2:H3	NA	0	1654.8979
Ames25181:D0D0BACXX:4:F11	1	0	NA
Ames25182:81FE7ABXX:6:B10	NA	0	1707.2767
Ames25218:81FE7ABXX:6:B9	0	0	1796.9956
Ames2523:81FE8ABXX:3:G2	NA	0	1640.1659
Ames25372:81FENABXX:4:F7	1	0	1700.3788
Ames25559:81FE7ABXX:5:A5	1	0	1650.001
Ames26004:81N4HABXX:5:G11	0	0	1443.2021
Ames26021:81FENABXX:2:E12	1	0	1671.4735
Ames26022:81FENABXX:1:D12	1	0	1525.8319
Ames26028:81FE7ABXX:2:D5	1	0	1739.6775
Ames26114:81FE7ABXX:3:G3	1	0	1720.7023
Ames26115:81FENABXX:5:G2	1	0	1680.1858
Ames26117:81FENABXX:6:B2	1	0	1794.9329
Ames26118:81FENABXX:5:A12	0	0	1789.4815
Ames26119:81FENABXX:5:D1	1	0	1746.6022
Ames26120:81FENABXX:3:D10	1	0	1634.0503
Ames26121:81FENABXX:4:F2	1	0	1779.069
Ames26122:81FE7ABXX:1:H3	1	0	1724.3869
Ames26123:81FE7ABXX:2:D3	1	0	1841.3925
Ames26124:81FE7ABXX:1:B5	1	0	1682.5259
Ames26125:81FENABXX:3:H11	1	0	1693.0838
Ames26126:81FE7ABXX:2:G9	1	0	1729.1787
Ames26127:81FE7ABXX:2:G4	1	0	1663.7948
Ames26128:81FENABXX:4:E7	NA	0	1573.2688
Ames26129:81FE7ABXX:1:E7	0	0	1670.0764
Ames26130:81FENABXX:4:A12	0	0	1817.5596
Ames26131:81FE7ABXX:1:B3	0	0	1846.1322
Ames26132:81FE7ABXX:2:B11	0	0	1534.0857
Ames26133:81FENABXX:5:A10	0	0	1848.2697
Ames26134:81FENABXX:4:D8	1	0	1545.6754
Ames26135:81FENABXX:5:D10	1	0	1678.0369
Ames26136:81FENABXX:4:G3	1	0	1704.7299
Ames26137:81FENABXX:4:B10	1	0	1634.1468
Ames26253:81N4HABXX:3:C11	NA	0	2226.6079
Ames26439:D0D0BACXX:4:C12	NA	0	NA
Ames26443:D0D0BACXX:4:C8	1	0	NA
Ames26484:D0D0BACXX:4:E11	1	0	NA
Ames26501:D0D0BACXX:4:A5	1	0	NA
Ames26511:D0D0BACXX:4:D9	1	0	NA
Ames26741:81FENABXX:1:F3	1	0	1614.0495
Ames26742:81N4HABXX:7:G12	0	0	1597.7251
Ames26743:81FENABXX:1:B11	1	0	1575.9897
Ames26744:81FE7ABXX:4:D8	1	0	1570.458
Ames26745:81FENABXX:1:D1	1	0	1587.2562
Ames26746:81FE7ABXX:5:H8	1	0	1559.1057
Ames26747:81FE7ABXX:6:D7	1	0	1591.4328
Ames26748:81N4HABXX:7:F12	1	0	1605.7557
Ames26749:81FE7ABXX:3:G7	0	0	1691.2886
Ames26750:81FE7ABXX:3:B10	0	0	1582.7667
Ames26751:81FE7ABXX:4:E9	0	0	1595.6236
Ames26752:81N4HABXX:7:A3	0	0	1872.317
Ames26753:81FE7ABXX:6:G3	1	0	1487.9206
Ames26754:81FENABXX:1:C7	NA	0	1661.2916
Ames26755:81FE7ABXX:5:H6	1	0	1569.9959
Ames26756:81FE8ABXX:1:F2	1	0	1685.1995
Ames26757:81N4HABXX:7:G4	1	0	1595.0628
Ames26758:81FE7ABXX:4:A3	1	0	1444.1308
Ames26760:81N4HABXX:6:B10	1	0	1480.0272
Ames26761:81FE8ABXX:1:C2	1	1	1552.6545
Ames26762:81N4HABXX:6:A2	1	1	1519.9137
Ames26763:81FE7ABXX:2:F2	1	1	1572.6354
Ames26764:81FE7ABXX:3:A10	1	1	1498.0109
Ames26765:81N4HABXX:6:H8	1	1	1538.9885
Ames26766:81N4HABXX:5:G12	1	1	1533.8506
Ames26767:81FE7ABXX:4:H12	1	0	1529.9398
Ames26768:81FENABXX:1:G8	1	0	1423.2955
Ames26770:81FE7ABXX:1:E8	1	0	1606.2909
Ames26772:81FE7ABXX:3:H7	1	0	1482.0641
Ames26773:81FE7ABXX:1:D7	1	0	1745.7614
Ames26774:81N4HABXX:6:A11	NA	0	1763.6431
Ames26775:81FENABXX:2:A8	1	0	1600.5459
Ames26776:81FE7ABXX:2:D4	0	0	1648.2997
Ames26777:81FENABXX:4:E9	0	0	1738.9076
Ames26778:81FENABXX:7:D2	0	0	1444.8422
Ames26779:81FENABXX:5:A9	0	0	1607.0107
Ames26780:81FENABXX:5:C6	0	0	1703.8551
Ames26781:81FENABXX:3:G9	0	0	1686.7926
Ames26782:81FE7ABXX:1:H7	0	0	1706.4288
Ames26783:81N4HABXX:7:H1	1	0	1588.9228
Ames26784:81FE7ABXX:6:G5	1	0	1516.4108
Ames26785:81FENABXX:1:B6	1	0	1471.3819
Ames26786:81FE7ABXX:4:C3	1	0	1543.7208
Ames26788:81FE7ABXX:4:A5	NA	0	1717.367
Ames26789:81FE7ABXX:6:A1	NA	0	1691.5103
Ames26790:81FENABXX:1:B2	1	0	1838.3849
Ames26791:81FE7ABXX:5:A6	1	0	1680.799
Ames26792:81FENABXX:1:H7	1	0	1973.1285
Ames26793:81FENABXX:1:G12	1	0	1539.2326
Ames26794:81FENABXX:2:E6	1	0	1610.2933
Ames26795:81FE7ABXX:6:G2	1	0	1706.5686
Ames26796:81FE7ABXX:4:G2	NA	0	1599.4408
Ames26797:81FE7ABXX:5:C5	1	0	1615.6949
Ames26798:81FE7ABXX:3:H6	NA	0	1543.4032
Ames26799:81FE7ABXX:5:E11	1	0	1745.0889
Ames26800:81FE7ABXX:5:F7	0	0	1584.3251
Ames26801:81FENABXX:1:C9	1	0	1426.357
Ames26802:81FENABXX:1:C11	1	0	1545.5939
Ames26803:81N4HABXX:7:G3	1	0	1608.171
Ames26804:81FE7ABXX:5:A8	1	0	1547.292
Ames26805:81FE7ABXX:5:H11	0	0	1721.8421
Ames26806:81FE7ABXX:3:F11	0	0	1773.5963
Ames26808:81N4HABXX:2:A6	1	0	1536.1938
Ames26812:81N4HABXX:1:F4	1	1	986.1538
Ames26813:81N4HABXX:6:A1	1	1	1144.9322
Ames26815:D0D0BACXX:3:D2	1	1	NA
Ames26909:81FE7ABXX:2:B8	1	0	1739.1845
Ames27017:81FENABXX:3:G2	NA	0	1465.7813
Ames27018:81N4HABXX:5:F5	1	0	1450.6425
Ames27019:81FE8ABXX:5:E11	1	0	1478.9766
Ames27020:81FE8ABXX:6:B6	1	0	1485.0855
Ames27021:81FE8ABXX:5:G12	1	0	1467.3896
Ames27024:81FENABXX:2:G12	1	0	1207.8488
Ames27025:81FENABXX:6:E5	1	0	1135.0676
Ames27028:81FE8ABXX:6:G1	1	0	1322.6707
Ames27031:81FENABXX:6:H11	NA	0	1316.5516
Ames27032:81FENABXX:7:F4	1	0	1290.7763
Ames27033:81FENABXX:7:G4	1	0	1304.9189
Ames27034:81FE8ABXX:3:C9	1	0	1327.615
Ames27035:81FE8ABXX:4:B7	NA	0	1309.244
Ames27036:81FE8ABXX:4:E4	1	0	1250.3236
Ames27037:81FENABXX:6:G6	1	0	1277.0024
Ames27039:81FE8ABXX:3:H8	1	0	1223.8612
Ames27040:81FE8ABXX:4:B1	1	0	1371.9748
Ames27041:81FENABXX:6:H4	1	0	1264.0202
Ames27042:81FENABXX:6:C6	1	0	1369.0503
Ames27043:81FE8ABXX:3:H7	1	0	1235.8177
Ames27044:81FE8ABXX:4:G1	1	0	1341.1279
Ames27045:81FENABXX:6:H10	NA	0	1217.2308
Ames27046:81FENABXX:6:A5	1	0	1343.3221
Ames27047:81FENABXX:6:D6	1	0	1346.231
Ames27048:81FE8ABXX:4:G2	1	0	1213.2785
Ames27049:81FENABXX:6:B12	1	0	1330.3406
Ames27051:81FE8ABXX:4:D3	1	0	1587.7562
Ames27052:81FENABXX:6:C8	1	0	1613.7508
Ames27053:81FE8ABXX:4:F4	1	0	1618.3656
Ames27056:81N4HABXX:4:D9	1	0	1240.2649
Ames27057:81FE8ABXX:6:H10	1	0	1293.8025
Ames27075:81FE8ABXX:2:A2	0	0	2072.5874
Ames27077:81FE8ABXX:2:A10	0	0	2395.7124
Ames27109:81FE7ABXX:1:G1	1	0	1660.0913
Ames27117:81FE8ABXX:7:E7	1	1	1324.9286
Ames27119:81FENABXX:3:C4	1	1	1408.4802
Ames27128:81FE8ABXX:2:D7	NA	0	2210.7229
Ames27129:81FE8ABXX:1:C12	NA	0	2171.55
Ames27136:81N4HABXX:2:D2	1	0	1728.145
Ames27142:81FENABXX:1:A12	1	0	1494.0727
Ames27150:81FE7ABXX:2:B12	1	0	1583.5471
Ames27152:81FE8ABXX:7:D1	1	0	1690.8617
Ames27154:81FE7ABXX:1:B6	1	0	1684.3249
Ames27157:81N4HABXX:1:B4	1	0	1725.9174
Ames27161:81FE7ABXX:3:F7	1	0	1581.3743
Ames27162:81N4HABXX:1:C6	1	0	1788.6467
Ames27163:81FE8ABXX:7:A6	1	0	1823.5458
Ames27181:81FE7ABXX:7:H4	1	0	1788.1622
Ames27182:81FE7ABXX:5:G8	1	0	1543.3286
Ames27194:81FE8ABXX:6:F3	1	0	1287.4546
Ames27197:D0D0BACXX:3:E10	1	0	NA
Ames27198:D0D0BACXX:3:H1	1	0	NA
Ames27199:D0D0BACXX:3:D3	1	0	NA
Ames27200:D0D0BACXX:3:E6	1	0	NA
Ames27201:D0D0BACXX:4:C3	1	0	NA
Ames27202:D0D0BACXX:3:B5	0	0	NA
Ames27203:D0D0BACXX:3:H3	1	0	NA
Ames27204:D0D0BACXX:3:E2	1	0	NA
Ames27205:D0D0BACXX:3:H8	1	0	NA
Ames27206:D0D0BACXX:3:B3	1	0	NA
Ames27207:D0D0BACXX:3:H6	1	0	NA
Ames27208:D0D0BACXX:3:F6	1	0	NA
Ames27209:D0D0BACXX:4:D2	0	0	NA
Ames27210:D0D0BACXX:3:E9	1	0	NA
Ames27211:D0D0BACXX:3:C12	0	0	NA
Ames27212:D0D0BACXX:3:H2	1	0	NA
Ames27213:D0D0BACXX:3:F4	1	0	NA
Ames27214:D0D0BACXX:3:A4	1	0	NA
Ames27215:D0D0BACXX:3:E1	1	0	NA
Ames27216:D0D0BACXX:4:E1	NA	0	NA
Ames27217:D0D0BACXX:3:C11	1	0	NA
Ames27218:D0D0BACXX:3:B1	1	0	NA
Ames27219:D0D0BACXX:3:B7	1	0	NA
Ames27260:81N4HABXX:4:D4	1	0	2123.5445
Ames27444:81FE7ABXX:4:F6	0	1	1502.5908
Ames27445:81FE7ABXX:3:D10	1	1	1529.9754
Ames27446:81N4HABXX:7:G9	1	1	1502.8849
Ames27447:81FENABXX:1:A7	1	1	1577.3244
Ames27450:81FE8ABXX:4:A5	1	0	1443.7595
Ames27451:81FE8ABXX:5:E7	NA	0	1516.7937
Ames28170:81FE8ABXX:5:B10	1	0	1409.6432
Ames28186:81FENABXX:4:A1	1	1	1362.4396
Ames28290:81FENABXX:3:F5	1	0	1278.2916
Ames28291:81FE8ABXX:7:D4	NA	0	1928.9024
Ames28360:81FE7ABXX:3:C4	NA	0	1618.5346
Ames28361:81FE7ABXX:1:H6	NA	0	1586.2223
Ames28362:81FE7ABXX:3:E2	NA	0	1890.8696
Ames28364:81FENABXX:2:D10	1	1	1360.2109
Ames28365:81FENABXX:7:E2	1	0	1627.4603
Ames28366:81FENABXX:1:F4	NA	0	1561.5008
Ames28367:81FENABXX:5:D4	1	0	1687.8763
Ames28411:81N4HABXX:1:B12	NA	0	1667.7954
Ames28412:81FE7ABXX:6:B3	NA	0	1531.0127
Ames28413:81FENABXX:1:F2	1	0	1521.8549
Ames28414:81FE7ABXX:1:H2	NA	0	1748.9421
Ames28415:81FE7ABXX:2:H11	NA	0	1737.8542
Ames28416:81FENABXX:5:H7	NA	0	1748.6691
Ames28417:81FE7ABXX:2:C6	NA	0	1606.1815
Ames28418:81FE7ABXX:2:G12	NA	0	1656.1013
Ames28419:81FENABXX:4:A9	NA	0	1602.0058
Ames28420:81FE7ABXX:3:D4	NA	0	1608.1223
Ames28421:81FE7ABXX:1:A12	NA	0	1586.3972
Ames28422:81FENABXX:3:A11	NA	0	1528.1083
Ames28423:81FE7ABXX:2:A2	NA	0	1594.1134
Ames28424:81FENABXX:4:G10	NA	0	1593.0843
Ames28425:81FENABXX:3:F9	NA	0	1578.6697
Ames28426:81FENABXX:5:G7	NA	0	1529.5596
Ames28927:81N4HABXX:3:A2	0	0	1784.9071
Ames28928:81FE7ABXX:7:D11	0	0	1804.7252
Ames28929:81FE8ABXX:3:C11	0	0	1770.7537
Ames28930:81FENABXX:5:B7	0	0	1702.1829
Ames28931:81FENABXX:3:G11	0	0	1862.0543
Ames28932:81FE7ABXX:1:G7	0	0	1713.9097
Ames28933:81FE7ABXX:1:G5	0	0	1793.1549
Ames28934:81FENABXX:4:G11	1	0	1733.3374
Ames28935:81FE7ABXX:1:E6	1	0	1742.3346
Ames28936:81FENABXX:4:D11	1	0	1772.6547
Ames28937:81FENABXX:4:F12	1	0	1656.3597
Ames28938:81FE7ABXX:1:C10	1	0	1579.2827
Ames28940:81FENABXX:4:B8	0	0	1621.5313
Ames28941:81FENABXX:5:E5	0	0	1719.7345
Ames28942:81FENABXX:5:B9	0	0	1725.0134
Ames28943:81FENABXX:4:A7	0	0	1818.8293
Ames28944:81FE7ABXX:3:F4	0	0	1625.0849
Ames28945:81FE7ABXX:2:C10	NA	0	1501.7624
Ames28946:81FE7ABXX:2:C8	0	0	1663.6235
Ames28947:81FENABXX:5:H12	0	0	1568.8062
Ames28948:81FENABXX:5:H1	NA	0	1718.5953
Ames28949:81FE7ABXX:2:A11	1	0	1719.0491
Ames28950:81FE7ABXX:2:H10	0	0	1700.3228
Ames28951:81FE7ABXX:1:F12	1	0	1729.4704
Ames28952:81FENABXX:4:F10	0	0	1720.7303
Ames28953:81FE7ABXX:2:B4	NA	0	1469.335
Ames28954:81FE7ABXX:3:E3	1	0	2088.6028
Ames28957:D0D0BACXX:4:H7	1	1	NA
Ames28970:81FENABXX:1:C6	1	0	1382.2555
Ames28971:81FE7ABXX:5:D3	1	0	1443.5251
Ames28972:81N4HABXX:7:H11	1	0	1370.3478
Ames28973:81N4HABXX:7:E7	1	0	1400.5174
Ames28974:81FE7ABXX:5:E8	1	0	1431.2335
Ames28975:81FE7ABXX:5:E1	1	0	1327.9746
Ames28977:81FENABXX:2:C2	1	0	1520.3919
Ames28978:81FE7ABXX:5:C8	1	0	1366.5929
Ames28979:81FENABXX:1:E4	1	0	1393.8238
Ames28980:81FENABXX:2:E3	1	0	1424.9623
Ames28981:81N4HABXX:7:A12	NA	0	1454.2707
Ames28982:81N4HABXX:7:E4	1	0	1403.4164
Ames28984:81FE7ABXX:3:D2	1	0	1470.5171
Ames28985:81FENABXX:5:B8	1	0	1463.709
Ames28986:81FENABXX:3:C12	1	0	1425.3841
Ames28987:81FENABXX:4:H12	1	0	1523.4283
Ames28988:81FENABXX:5:E3	1	0	1416.587
Ames28989:81FE7ABXX:1:C9	1	0	1561.1396
Ames28990:81FENABXX:5:G5	1	0	1430.0551
Ames28991:81FE7ABXX:2:H9	NA	0	1494.6919
Ames28992:81FENABXX:4:E5	1	0	1489.5887
Ames28994:81FENABXX:4:B4	1	0	1441.7862
Ames28995:81FE7ABXX:3:F2	1	0	1416.9453
Ames28996:81FE7ABXX:1:A6	1	0	1501.4223
Ames28998:81FE7ABXX:4:C6	NA	0	1526.2371
Ames28999:81FENABXX:1:A1	NA	0	1561.8974
Ames29001:81FE7ABXX:4:H2	1	0	1676.334
Ames29002:81FE7ABXX:4:E10	1	0	1526.7972
Ames29003:81FE7ABXX:6:H4	1	0	1533.927
Ames29004:81FENABXX:2:A7	NA	0	1465.751
Ames29005:81FE7ABXX:5:C4	1	0	1524.0313
Ames29006:81FENABXX:1:H11	1	0	1376.5939
Ames29007:81N4HABXX:7:E1	1	0	1551.4014
Ames29008:81FENABXX:2:D4	1	0	1491.9961
Ames29009:81FENABXX:1:C3	1	0	1591.9084
Ames29010:81FENABXX:1:D5	1	0	1499.3994
Ames29011:81FE7ABXX:5:B11	1	0	1514.2737
Ames29012:81FENABXX:1:E3	1	0	1475.4891
Ames29013:81N4HABXX:6:G10	1	0	1513.9931
Ames29014:81FE7ABXX:5:D12	1	0	1492.4781
Ames29015:81N4HABXX:6:G12	1	0	1508.8832
Ames29016:81N4HABXX:7:F6	1	0	1552.1943
Ames29017:81FE7ABXX:5:F11	1	0	1442.4419
Ames29018:81FE7ABXX:5:E5	NA	0	1452.6589
Ames29019:81FE7ABXX:4:H1	1	0	1456.9338
Ames29020:81FE7ABXX:3:E11	1	0	1427.5178
Ames29021:81FE7ABXX:4:A8	NA	0	1434.0268
Ames29022:81FE7ABXX:6:H5	1	0	1626.1042
Ames29030:81N4HABXX:7:E10	1	0	1478.4065
Ames29045:81FE7ABXX:7:A7	NA	0	2068.2448
Ames29394:81FENABXX:5:A6	1	0	1806.127
Ames29448:D0D0BACXX:4:A6	1	0	NA
Ames29451:81N4HABXX:2:E3	NA	0	1767.5763
Ames30791:D0D0BACXX:3:A11	1	0	NA
Ames30862:D0D0BACXX:4:G9	0	0	NA
Ames30863:D0D0BACXX:4:F7	1	0	NA
Ames30864:D0D0BACXX:3:C12	1	0	NA
Ames30865:D0D0BACXX:4:H9	1	0	NA
Ames30866:D0D0BACXX:4:E7	1	0	NA
Ames30867:D0D0BACXX:4:H11	1	0	NA
Ames30868:D0D0BACXX:4:G11	1	0	NA
Ames30869:D0D0BACXX:4:E1	1	0	NA
Ames30870:D0D0BACXX:4:A1	1	0	NA
Ames8397:81FE7ABXX:5:G6	1	0	1572.5987
B10:8042MABXX:2:G9	NA	0	1753.6829
B103:8042MABXX:2:D5	NA	0	1402.7074
B104:8042MABXX:2:B3	NA	0	1656.4167
B105:8042MABXX:3:H3	NA	0	1523.9192
B109:8042MABXX:2:D1	NA	0	1597.4731
B115:8042MABXX:3:F4	NA	0	1666.895
B14A:8042MABXX:3:E6	NA	0	1686.6018
B164:8042MABXX:4:B7	NA	0	1487.2204
B37:8042MABXX:3:B11	NA	0	1571.7085
B46:8042MABXX:4:C11	NA	0	1537.4683
B52:8042MABXX:3:H5	NA	0	1682.214
B57:8042MABXX:3:E9	NA	0	1603.7916
B64:8042MABXX:3:D4	NA	0	1683.8739
B68:8042MABXX:4:H7	NA	0	1648.7654
B73:8042MABXX:4:A3	NA	0	1527.5383
B73Htrhm:8042MABXX:2:E1	NA	0	1553.67
B75:8042MABXX:4:D3	NA	0	1527.1886
B76:8042MABXX:2:B10	NA	0	1464.0113
B77:8042MABXX:2:F10	NA	0	1621.2898
B79:8042MABXX:4:A6	NA	0	1579.3888
B84:8042MABXX:2:A10	NA	0	1661.4195
B97:8042MABXX:2:B7	NA	0	1578.8174
BAI_IIIb-6:81FE7ABXX:7:F2	NA	0	1533.7962
BAI_IIId-2:81N4HABXX:2:E12	NA	0	1708.2402
C103:8042MABXX:2:C12	NA	0	1626.4588
C123:8042MABXX:3:G8	NA	0	1481.9874
C49A:8042MABXX:4:A1	NA	0	1248.2382
CH701-30:8042MABXX:2:E2	NA	0	1486.6068
CH9:8042MABXX:4:H10	NA	0	1517.2321
CI.7:8042MABXX:2:E8	NA	0	NA
CI187-2:8042MABXX:3:B4	NA	0	1595.1025
CI21E:8042MABXX:3:H2	NA	0	1681.8429
CI28A:8042MABXX:2:C4	NA	0	1646.8087
CI31A:8042MABXX:4:A12	NA	0	1752.4745
CI3A:8042MABXX:2:H4	NA	0	1727.3682
CI64:8042MABXX:4:B1	NA	0	1724.1556
CI66:8042MABXX:2:G8	NA	0	1997.3002
CI90C:8042MABXX:4:E3	NA	0	1640.6182
CI91B:8042MABXX:4:A10	NA	0	1727.5961
CIze127:81FE7ABXX:1:E2	0	0	1750.7356
CIze23:81FENABXX:4:G6	0	0	1981.6609
CIze27:81FE7ABXX:2:E1	1	0	1680.7607
CIze29:81FE7ABXX:2:G6	1	0	1703.508
CIze3:81FE7ABXX:2:E7	1	0	1737.4356
CIze317:81FE7ABXX:2:F6	1	0	1855.1572
CIze38:81FE7ABXX:2:A9	1	0	1751.5931
CIze40:81FENABXX:4:E3	1	0	1526.104
CIze42:81FENABXX:4:C3	1	0	1644.2168
CIze44:81FE7ABXX:2:C9	0	0	1729.4923
CIze45:81FENABXX:3:E10	1	0	1606.3852
CIze49:81FENABXX:3:C10	0	0	1760.7828
CIze81:81FENABXX:5:F5	1	0	1741.7464
CIze82:81FENABXX:5:E8	1	0	1681.3354
CIze83:81FE7ABXX:2:D1	1	0	1757.0285
CIze85:81FE7ABXX:1:F2	1	0	1793.3299
CIze86:81FENABXX:3:H9	1	0	1872.2223
CIze88:81FE7ABXX:1:C3	NA	0	1858.6935
CIze89:81FE7ABXX:3:F5	1	0	1864.3528
CIze90:81FE7ABXX:2:B2	1	0	1827.441
CM105:8042MABXX:2:E10	NA	0	1306.892
CM174:8042MABXX:2:G1	NA	0	1345.4583
CM37:8042MABXX:4:H6	NA	0	1221.3061
CM7:8042MABXX:3:H6	NA	0	1144.5936
CML10:8042MABXX:4:G7	NA	0	2097.5257
CML101:81FE7ABXX:7:D12	NA	0	1989.576
CML103:8042MABXX:3:E2	NA	0	1752.4057
CML107:81FE8ABXX:1:D12	NA	0	1919.7659
CML108:8042MABXX:4:D4	NA	0	1856.8754
CML11:8042MABXX:3:F1	NA	0	2046.2838
CML115:81FE8ABXX:1:F11	NA	0	1803.6393
CML116:81FE7ABXX:6:E8	NA	0	1636.4758
CML118:81N4HABXX:2:A5	NA	0	1853.3129
CML121:81FE8ABXX:3:E8	NA	0	1818.9375
CML139:81N4HABXX:3:D1	NA	0	1731.6894
CML14:8042MABXX:2:A4	NA	0	2327.8101
CML142:81FE7ABXX:7:G10	NA	0	2091.6824
CML144:81N4HABXX:2:C3	NA	0	2058.7394
CML154Q:8042MABXX:4:H8	NA	0	1735.8731
CML157Q:8042MABXX:2:H11	NA	0	1937.8127
CML158Q:8042MABXX:3:C9	NA	0	2016.6802
CML172:81FE7ABXX:7:C7	NA	0	1871.3311
CML176:81N4HABXX:3:E6	NA	0	1870.0746
CML184:81N4HABXX:3:E12	NA	0	1847.0446
CML195:81N4HABXX:3:F3	NA	0	2200.5466
CML196:81N4HABXX:2:G3	NA	0	2086.9468
CML197:81FE7ABXX:7:D8	NA	0	1654.629
CML198:81N4HABXX:3:G8	NA	0	2063.2564
CML199:81N4HABXX:4:B1	NA	0	1897.5765
CML200:81FE7ABXX:7:B9	NA	0	2435.9531
CML201:81N4HABXX:3:H5	NA	0	2315.3804
CML204:81FE7ABXX:6:H11	NA	0	2064.6351
CML206:81N4HABXX:3:D11	NA	0	1900.0044
CML210:81FE7ABXX:1:C11	NA	0	NA
CML211:81FE7ABXX:5:B6	NA	0	1600.7333
CML212:81N4HABXX:4:B2	NA	0	1763.5283
CML213:81FE7ABXX:6:H7	NA	0	1624.0115
CML214:81FE7ABXX:6:F12	NA	0	2069.2232
CML215:81FE7ABXX:7:F9	NA	0	2181.1418
CML217:81N4HABXX:2:E7	NA	0	1958.1717
CML218:8042MABXX:4:D2	NA	0	1932.4719
CML219:81N4HABXX:3:H1	NA	0	1700.1614
CML220:8042MABXX:2:A9	NA	0	1643.3411
CML223:81N4HABXX:2:F9	NA	0	2099.0647
CML224:81N4HABXX:4:C1	NA	0	2507.6763
CML225:81N4HABXX:2:F10	NA	0	1961.9267
CML226:81N4HABXX:3:D5	NA	0	2165.6419
CML227:81FE7ABXX:6:G12	NA	0	2175.1382
CML228:8042MABXX:2:F2	NA	0	2094.4128
CML229:81N4HABXX:2:G4	NA	0	2346.6693
CML230:81FE7ABXX:7:B7	NA	0	2240.6791
CML231:81FE7ABXX:7:G12	NA	0	2411.2098
CML233:81N4HABXX:4:D2	NA	0	NA
CML234:81FE7ABXX:7:E6	NA	0	1936.2623
CML235:81FE7ABXX:3:B2	NA	0	2055.8609
CML236:81FE7ABXX:7:H2	NA	0	2043.5653
CML238:8042MABXX:2:H9	NA	0	2057.6581
CML242:81N4HABXX:3:A9	NA	0	1936.6949
CML246:81FE7ABXX:7:F6	NA	0	1681.0506
CML247:8042MABXX:4:F11	NA	0	2127.8545
CML254:8042MABXX:3:H11	NA	0	2844.8546
CML255:81N4HABXX:3:G2	NA	0	2311.7763
CML258:8042MABXX:2:B6	NA	0	2274.9368
CML261:8042MABXX:4:D6	NA	0	2488.9227
CML264:8042MABXX:3:F3	NA	0	NA
CML269:81N4HABXX:2:C5	NA	0	2103.8763
CML270:81FE8ABXX:2:H9	NA	0	2108.849
CML277:8042MABXX:2:F6	NA	0	2067.2061
CML281:8042MABXX:2:H1	NA	0	NA
CML287:8042MABXX:2:E3	NA	0	2361.1821
CML288:81FE7ABXX:7:E11	NA	0	2113.1049
CML289:81FE7ABXX:6:H8	NA	0	2349.5081
CML295:81N4HABXX:2:B8	NA	0	1825.3624
CML304:81FE7ABXX:7:E1	NA	0	1827.3808
CML308:81FE7ABXX:6:D11	NA	0	2022.9117
CML309:81N4HABXX:2:E9	NA	0	2074.0639
CML310:81FE7ABXX:7:F3	NA	0	1975.4567
CML311:8042MABXX:2:F12	NA	0	1952.6293
CML312:81FE7ABXX:6:G9	NA	0	2218.5576
CML313:81N4HABXX:3:G1	NA	0	2440.6041
CML314:8042MABXX:3:G1	NA	0	1973.2017
CML315:81FE7ABXX:6:B12	NA	0	2057.0419
CML316:81N4HABXX:2:C6	NA	0	1897.8792
CML317:81N4HABXX:3:E1	NA	0	1791.634
CML318:81FE7ABXX:7:F8	NA	0	1843.9937
CML319:81N4HABXX:3:C1	NA	0	NA
CML320:81FE7ABXX:6:E11	NA	0	2443.4063
CML321:8042MABXX:3:A11	NA	0	1995.9348
CML322:8042MABXX:4:D7	NA	0	1831.7092
CML323:8042MABXX:2:H6	NA	0	1870.4062
CML324:81N4HABXX:2:A8	NA	0	1856.0057
CML325:81FE7ABXX:3:G6	NA	0	1724.4284
CML326:81FE7ABXX:7:D10	NA	0	1569.8075
CML327:81N4HABXX:3:B1	NA	0	2216.812
CML328:8042MABXX:4:A4	NA	0	1982.3558
CML329:81N4HABXX:2:H11	NA	0	1813.7155
CML330:81N4HABXX:2:A9	NA	0	1942.7803
CML331:8042MABXX:3:F5	NA	0	2215.6355
CML332:8042MABXX:2:D10	NA	0	2081.3494
CML333:8042MABXX:2:D9	NA	0	1803.6014
CML334:81N4HABXX:2:G8	NA	0	2007.6468
CML335:81N4HABXX:3:A7	NA	0	1790.5809
CML336:81N4HABXX:2:G5	NA	0	1920.8381
CML337:81FE7ABXX:6:A12	NA	0	1897.1168
CML338:81FE7ABXX:3:A2	NA	0	2096.7146
CML339:81FE7ABXX:6:F11	NA	0	2254.8481
CML340:81FE7ABXX:5:B1	NA	0	2030.1421
CML341:8042MABXX:3:C2	NA	0	2107.7619
CML342:81FE8ABXX:2:H10	NA	0	2427.4253
CML343:81FE7ABXX:2:A5	NA	0	1997.5157
CML344:81N4HABXX:3:H6	NA	0	2797.7303
CML345:81FE7ABXX:7:G9	NA	0	2339.1793
CML346:81N4HABXX:4:G1	NA	0	2109.527
CML347:81N4HABXX:3:H11	NA	0	NA
CML348:81FE7ABXX:7:H1	NA	0	2391.2368
CML357:81FE8ABXX:3:H10	NA	0	2248.0079
CML358:81FE7ABXX:2:C4	NA	0	2130.3521
CML359:81N4HABXX:2:D9	NA	0	2390.0529
CML360:81FE7ABXX:7:E12	NA	0	1934.5466
CML361:81N4HABXX:4:E1	NA	0	1718.8838
CML362:81FE7ABXX:2:C11	NA	0	1843.3456
CML363:81N4HABXX:3:A3	NA	0	1773.9379
CML365:81N4HABXX:3:C7	NA	0	1589.6304
CML366:81FE7ABXX:6:F7	NA	0	1842.8614
CML367:81FE7ABXX:7:B3	NA	0	1727.7779
CML368:81FE7ABXX:7:E2	NA	0	1896.3531
CML370:81N4HABXX:2:B9	NA	0	2335.8226
CML371:81FE7ABXX:7:A8	NA	0	1919.1416
CML372:81FE7ABXX:7:C3	NA	0	1966.8973
CML373:81FE8ABXX:3:G1	NA	0	1965.2066
CML374:81FE7ABXX:7:F7	NA	0	2091.474
CML375:81FE7ABXX:4:F2	NA	0	1948.4047
CML376:81FE7ABXX:7:G1	NA	0	1982.8435
CML377:81N4HABXX:2:E4	NA	0	2536.7099
CML378:81FE7ABXX:6:A11	NA	0	2543.0784
CML379:81FE7ABXX:6:D8	NA	0	2150.8523
CML38:8042MABXX:4:C7	NA	0	2107.9588
CML380:81N4HABXX:3:E11	NA	0	NA
CML381:81FE7ABXX:7:E4	NA	0	2143.9166
CML383:81FE7ABXX:7:E3	NA	0	2440.4464
CML384:81FE8ABXX:2:G4	NA	0	2360.2256
CML386:81FE7ABXX:7:C4	NA	0	2402.8639
CML387:81FE7ABXX:7:F10	NA	0	2098.2946
CML388:81N4HABXX:3:F7	NA	0	2360.811
CML389:81N4HABXX:3:B10	NA	0	2369.3778
CML390:81N4HABXX:2:E11	NA	0	2253.8164
CML391:81N4HABXX:2:H4	NA	0	2233.6514
CML392:81N4HABXX:4:H2	NA	0	1924.5965
CML394:81N4HABXX:3:C9	NA	0	2440.8119
CML395:81FE7ABXX:6:H10	NA	0	1919.4164
CML416:81N4HABXX:2:H8	NA	0	2846.3981
CML418:81FE7ABXX:7:G2	NA	0	1656.0288
CML419:81FE7ABXX:7:F12	NA	0	1805.9604
CML420:81FE7ABXX:7:E10	NA	0	1914.2916
CML421:81N4HABXX:2:G11	NA	0	1825.1714
CML422:81N4HABXX:2:A7	NA	0	1765.203
CML423:81N4HABXX:2:C7	NA	0	1758.2991
CML424:81N4HABXX:3:B7	NA	0	1769.3439
CML425:81FE7ABXX:7:A9	NA	0	2257.4867
CML426:81N4HABXX:2:A10	NA	0	1892.0411
CML427:81N4HABXX:3:E2	NA	0	2246.6776
CML429:81FE7ABXX:7:D5	NA	0	2366.8312
CML430:81N4HABXX:2:F7	NA	0	2200.559
CML431:81N4HABXX:2:B7	NA	0	2013.1086
CML433:81N4HABXX:3:F8	NA	0	2158.635
CML434:81FE7ABXX:7:F4	NA	0	NA
CML436:81FE7ABXX:7:D6	NA	0	2249.2243
CML438:81N4HABXX:3:G11	NA	0	1819.1334
CML440:81FE7ABXX:7:C10	NA	0	2040.0199
CML441:81N4HABXX:2:A12	NA	0	2373.5269
CML448:81N4HABXX:2:C11	NA	0	2258.6199
CML449:81N4HABXX:3:H2	NA	0	1948.0749
CML45:8042MABXX:2:G4	NA	0	2646.2092
CML450:81FE7ABXX:1:D2	NA	0	2123.9833
CML451:81N4HABXX:3:C12	NA	0	2845.9642
CML454:81N4HABXX:2:D4	NA	0	2120.8555
CML456:81N4HABXX:3:A1	NA	0	1602.7943
CML474:81FE7ABXX:2:D9	NA	0	2290.5831
CML476:81FE7ABXX:7:A6	NA	0	1964.8287
CML480:81FE8ABXX:2:H7	NA	0	1812.9921
CML481:81N4HABXX:3:B2	NA	0	2127.5712
CML482:81FE7ABXX:1:D11	NA	0	2036.5932
CML483:81FE7ABXX:7:F5	NA	0	1909.8385
CML484:81N4HABXX:3:D6	NA	0	1809.4497
CML485:81N4HABXX:3:C10	NA	0	1721.8934
CML486:81FE7ABXX:6:E12	NA	0	2084.3684
CML487:81N4HABXX:2:F3	NA	0	1920.7303
CML490:81FE7ABXX:6:F8	NA	0	2216.7968
CML491:81N4HABXX:3:B3	NA	0	2834.456
CML492:81N4HABXX:4:E3	NA	0	2028.0199
CML493:81N4HABXX:3:H9	NA	0	1954.7824
CML494:81N4HABXX:3:A12	NA	0	2069.3571
CML495:81FE7ABXX:6:B7	NA	0	2781.0349
CML496:81FE7ABXX:6:E10	NA	0	1942.5675
CML498:81FE7ABXX:7:B12	NA	0	2721.5265
CML5:8042MABXX:3:H4	NA	0	2383.904
CML50:81FE7ABXX:1:D4	NA	0	NA
CML500:81FE7ABXX:6:C8	NA	0	2045.0277
CML503:81N4HABXX:2:A4	NA	0	NA
CML52:8042MABXX:2:C9	NA	0	2178.9138
CML61:8042MABXX:4:A7	NA	0	2488.683
CML69:8042MABXX:4:E1	NA	0	1980.9168
CML77:8042MABXX:3:D11	NA	0	1749.4372
CML78:81FE7ABXX:6:B11	NA	0	1808.6701
CML79:81N4HABXX:2:B5	NA	0	1826.0497
CML91:8042MABXX:2:E12	NA	0	1927.9531
CML92:8042MABXX:2:F3	NA	0	1777.6671
CML98:81FE7ABXX:7:E8	NA	0	1841.4119
CMV3:8042MABXX:4:A9	NA	0	1238.2251
CO106:8042MABXX:2:A6	NA	0	1221.7832
CO125:8042MABXX:2:G7	NA	0	1292.9193
CO255:8042MABXX:4:A11	NA	0	1225.7033
CUB57c-2:81FE8ABXX:7:D2	NA	0	1726.3106
D940Y:8042MABXX:3:D12	NA	0	2026.9743
DE_2:8042MABXX:2:A1	NA	0	NA
DE_3:8042MABXX:2:H2	NA	0	NA
DE1:8042MABXX:3:F8	NA	0	1624.5967
DE811:8042MABXX:4:G1	NA	0	1627.4723
E2558W:8042MABXX:4:E10	NA	0	1859.5305
EA1070:633Y5AAXX:5:A1	NA	0	NA
EA2000:633Y5AAXX:5:B1	NA	0	NA
EA2024:633Y5AAXX:5:C1	NA	0	NA
EA2841:633Y5AAXX:5:D1	NA	0	NA
EA3076:633Y5AAXX:5:D8	NA	0	NA
ECU_770b-2:81N4HABXX:4:C2	NA	0	1746.3526
EP1:8042MABXX:2:F11	NA	0	1236.8433
EP10:633Y5AAXX:5:E8	NA	0	NA
EP16:633Y5AAXX:5:F1	NA	0	NA
EP2:633Y5AAXX:5:F8	NA	0	NA
EP2008-03:633Y5AAXX:5:E10	NA	0	NA
EP2008-04:633Y5AAXX:5:C12	NA	0	NA
EP2008-05:633Y5AAXX:5:G11	NA	0	NA
EP28:633Y5AAXX:5:H8	NA	0	NA
EP29:633Y5AAXX:5:A9	NA	0	NA
EP3:633Y5AAXX:5:G1	NA	0	NA
EP31:633Y5AAXX:5:H1	NA	0	NA
EP32:633Y5AAXX:5:A2	NA	0	NA
EP37:633Y5AAXX:5:B2	NA	0	NA
EP39:633Y5AAXX:5:C2	NA	0	NA
EP4:633Y5AAXX:5:D2	NA	0	NA
EP40:633Y5AAXX:5:E2	NA	0	NA
EP42:633Y5AAXX:5:F2	NA	0	NA
EP43:633Y5AAXX:5:G2	NA	0	NA
EP44:633Y5AAXX:5:H2	NA	0	NA
EP45:633Y5AAXX:5:A3	NA	0	NA
EP47:633Y5AAXX:5:C3	NA	0	NA
EP51:633Y5AAXX:5:B9	NA	0	NA
EP52:633Y5AAXX:5:C9	NA	0	NA
EP53:633Y5AAXX:5:D3	NA	0	NA
EP55:633Y5AAXX:5:D9	NA	0	NA
EP56:633Y5AAXX:5:E9	NA	0	NA
EP57:633Y5AAXX:5:F9	NA	0	NA
EP58:633Y5AAXX:5:B12	NA	1	NA
EP60:633Y5AAXX:5:D12	NA	1	NA
EP61:633Y5AAXX:5:E12	NA	1	NA
EP62:633Y5AAXX:5:F12	NA	1	NA
EP64:633Y5AAXX:5:E3	NA	0	NA
EP65:633Y5AAXX:5:F3	NA	0	NA
EP67:633Y5AAXX:5:G9	NA	0	NA
EP69:633Y5AAXX:5:A4	NA	0	NA
EP71:633Y5AAXX:5:B4	NA	0	NA
EP72:633Y5AAXX:5:H9	NA	0	NA
EP73:633Y5AAXX:5:C4	NA	0	NA
EP74:633Y5AAXX:5:A10	NA	0	NA
EP75:633Y5AAXX:5:B10	NA	0	NA
EP76:633Y5AAXX:5:C10	NA	0	NA
EP77:633Y5AAXX:5:D10	NA	0	NA
EP79:633Y5AAXX:5:D4	NA	0	NA
EP80:633Y5AAXX:5:E4	NA	0	NA
EP81:633Y5AAXX:5:F10	NA	0	NA
EP82:633Y5AAXX:5:G12	NA	1	NA
EP83:633Y5AAXX:5:H12	NA	1	NA
EP84:633Y5AAXX:5:H3	NA	1	NA
EP85:633Y5AAXX:5:G5	NA	1	NA
EP86:633Y5AAXX:5:F4	NA	0	NA
EZ1:633Y5AAXX:5:G4	NA	0	NA
EZ10:633Y5AAXX:5:H4	NA	0	NA
EZ11A:633Y5AAXX:5:G10	NA	0	NA
EZ12:633Y5AAXX:5:H10	NA	0	NA
EZ13:633Y5AAXX:5:A5	NA	0	NA
EZ14:633Y5AAXX:5:B5	NA	0	NA
EZ16A:633Y5AAXX:5:C5	NA	0	NA
EZ17:633Y5AAXX:5:D5	NA	0	NA
EZ18:633Y5AAXX:5:A11	NA	0	NA
EZ19:633Y5AAXX:5:B11	NA	0	NA
EZ2:633Y5AAXX:5:E5	NA	0	NA
EZ21:633Y5AAXX:5:F5	NA	0	NA
EZ23:633Y5AAXX:5:H5	NA	0	NA
EZ24:633Y5AAXX:5:C11	NA	0	NA
EZ25:633Y5AAXX:5:A6	NA	0	NA
EZ29:633Y5AAXX:5:B6	NA	0	NA
EZ3:633Y5AAXX:5:C6	NA	0	NA
EZ30:633Y5AAXX:5:D6	NA	0	NA
EZ31:633Y5AAXX:5:D11	NA	0	NA
EZ32:633Y5AAXX:5:E6	NA	0	NA
EZ33:633Y5AAXX:5:F6	NA	0	NA
EZ34:633Y5AAXX:5:G6	NA	0	NA
EZ37:633Y5AAXX:5:E11	NA	0	NA
EZ38:633Y5AAXX:5:H6	NA	0	NA
EZ4:633Y5AAXX:5:A7	NA	0	NA
EZ46:633Y5AAXX:5:F11	NA	0	NA
EZ48:633Y5AAXX:5:H11	NA	0	NA
EZ49:633Y5AAXX:5:B7	NA	0	NA
EZ5:633Y5AAXX:5:A12	NA	0	NA
EZ50:633Y5AAXX:5:C7	NA	0	NA
EZ51:633Y5AAXX:5:D7	NA	0	NA
EZ52:633Y5AAXX:5:E7	NA	0	NA
EZ53:633Y5AAXX:5:F7	NA	0	NA
EZ59:633Y5AAXX:5:G7	NA	0	NA
EZ6:633Y5AAXX:5:H7	NA	0	NA
EZ7:633Y5AAXX:5:A8	NA	0	NA
EZ8:633Y5AAXX:5:B8	NA	0	NA
EZ9:633Y5AAXX:5:C8	NA	0	NA
F2834T:8042MABXX:3:C6	NA	0	1633.5048
F44:8042MABXX:4:C4	NA	0	1960.6801
F6:8042MABXX:2:D6	NA	0	1925.1432
F7:8042MABXX:2:E11	NA	0	1203.5362
Fe:81N4HABXX:1:D2	NA	0	1658.2351
GA209:8042MABXX:3:G2	NA	0	1930.6034
GA220:81FE8ABXX:4:B9	NA	0	1551.942
GA224:81N4HABXX:1:H2	NA	0	1641.6632
GE180:81FE8ABXX:4:B10	NA	0	1684.5789
GT112:8042MABXX:3:G7	NA	0	1974.4915
GT154:81FE8ABXX:4:B11	NA	0	1844.7229
GT169A:81FE8ABXX:4:H9	NA	0	1999.7206
GT601:81N4HABXX:1:D3	NA	0	1525.5204
GT602:81FE8ABXX:4:F10	NA	0	1828.0796
H105W:8042MABXX:3:C3	NA	0	1487.954
H49:8042MABXX:3:A5	NA	0	1567.9956
H84:8042MABXX:4:E6	NA	0	1583.4547
H91:8042MABXX:2:C8	NA	0	1699.2147
H95:8042MABXX:2:D12	NA	0	1591.9871
H99:8042MABXX:3:A6	NA	0	1437.8672
Hi27:8042MABXX:3:F2	NA	0	2107.6207
HP301:8042MABXX:4:C9	NA	0	1545.5265
Hy:8042MABXX:3:D5	NA	0	NA
I137TN:8042MABXX:2:H10	NA	0	1727.0729
I205:8042MABXX:4:C3	NA	0	1549.0828
I29:8042MABXX:2:G10	NA	NA	1440.0084
IA2132:8042MABXX:4:G6	NA	1	1201.2659
Ia5125:8042MABXX:4:F5	NA	1	1380.1005
IDS28:8042MABXX:2:B11	NA	0	1569.9376
IDS69:8042MABXX:4:F3	NA	0	1619.7571
IDS91:8042MABXX:3:H7	NA	0	1570.6241
Il101:8042MABXX:3:F12	NA	1	NA
Il14H:8042MABXX:4:D1	NA	1	1464.2253
Il677a:8042MABXX:3:C10	NA	1	1451.3594
K148:8042MABXX:4:B8	NA	0	1576.6611
K4:8042MABXX:4:D5	NA	0	1788.1868
K55:8042MABXX:2:B9	NA	0	1639.1764
K64:8042MABXX:4:G9	NA	0	1718.1663
Ki11:8042MABXX:2:F9	NA	0	1934.8389
Ki14:8042MABXX:2:G3	NA	0	2351.7813
Ki2021:8042MABXX:4:E2	NA	0	NA
Ki21:8042MABXX:3:D9	NA	0	1906.8395
Ki3:8042MABXX:4:E11	NA	0	1854.0948
Ki43:8042MABXX:4:F9	NA	0	1774.6963
Ki44:8042MABXX:4:B4	NA	0	NA
Ky21:8042MABXX:3:D1	NA	0	1711.3783
KY226:8042MABXX:4:B9	NA	0	1760.6011
KY228:8042MABXX:4:G10	NA	0	1828.3137
L317:8042MABXX:2:H3	NA	0	1614.7358
L578:8042MABXX:3:A7	NA	0	1795.4333
L690:81N4HABXX:1:B3	NA	0	1941.0934
M14:8042MABXX:2:A8	NA	0	1532.1014
M162W:8042MABXX:4:G4	NA	0	1857.5104
M37W:8042MABXX:4:H2	NA	0	1755.639
MEF156-55-2:8042MABXX:4:D10	NA	0	1291.0637
Mo17:8042MABXX:4:H1	NA	0	1539.228
Mo18W:8042MABXX:3:D2	NA	0	2001.9424
MO1W:8042MABXX:4:E12	NA	0	1571.8173
Mo24W:8042MABXX:3:D6	NA	0	1742.0619
Mo44:8042MABXX:3:C7	NA	0	1647.275
Mo45:8042MABXX:4:G11	NA	0	1586.2039
Mo46:8042MABXX:3:E4	NA	0	1557.7425
Mo47:8042MABXX:4:B2	NA	0	1459.3394
MoG:8042MABXX:3:A1	NA	0	NA
Mp04-97:81N4HABXX:2:B3	NA	NA	1887.0292
Mp339:8042MABXX:4:C12	NA	0	1841.2397
MP420:81N4HABXX:1:A2	NA	0	1943.5883
MP462:81FE8ABXX:4:C9	NA	0	1832.3376
MP717:81N4HABXX:1:E2	NA	0	2195.7949
MR01_(Araguito)_S6:81FE8ABXX:4:A11	NA	0	NA
MR02_(Assiniboine):81N4HABXX:1:F1	NA	0	NA
MR06_(Chapalote)_S6:81FE8ABXX:4:A10	NA	0	2208.2058
MR09_(Cravo_Riogranense)_S6:81FE8ABXX:4:F11	NA	0	1977.4668
MR11_(Cuban_Flint)_S6:81FE8ABXX:4:E9	NA	0	1552.4398
MR13_(Hickory_King):81FE8ABXX:4:G9	NA	0	1740.3508
MR14_(Longfellow_Flint):81FENABXX:7:C1	NA	0	1248.5609
MR15_(Palomero_de_Jalisco)_S6:81FE8ABXX:4:E11	NA	0	1430.2664
MR19_(Santo_Domingo):81N4HABXX:1:F3	NA	0	1729.1634
MR20_(Shoe_Peg):81N4HABXX:1:G2	NA	0	NA
MR22_(Tuxpeno)_S6:81FE8ABXX:4:A9	NA	0	NA
MR23_(Zapalote_Chico)_S6:81FE8ABXX:4:H10	NA	0	1663.9896
MR25_(Poropo)_S5:81N4HABXX:1:E3	NA	0	NA
MR26_(Pollo)_S5:81FE8ABXX:4:D10	NA	0	NA
MS1334:8042MABXX:3:F11	NA	0	1343.1037
MS153:8042MABXX:4:D12	NA	0	1370.2779
MS71:8042MABXX:3:E3	NA	0	1462.6144
Mt42:8042MABXX:3:G10	NA	0	1269.094
N192:8042MABXX:4:D11	NA	0	1443.451
N28Ht:8042MABXX:4:C10	NA	0	1624.2677
N6:8042MABXX:3:C1	NA	0	1568.5469
N7A:8042MABXX:3:H9	NA	0	1583.5044
NC222:8042MABXX:4:A8	NA	0	1764.9157
NC230:8042MABXX:2:B4	NA	0	1664.4779
NC232:8042MABXX:3:D7	NA	0	1629.441
NC236:8042MABXX:4:B5	NA	0	1862.4367
NC238:8042MABXX:4:F1	NA	0	1863.8564
NC250:8042MABXX:2:C1	NA	0	1613.8027
NC258:8042MABXX:4:B12	NA	0	1703.215
NC260:8042MABXX:3:A4	NA	0	1554.579
NC262:8042MABXX:2:D4	NA	0	1562.0271
NC264:8042MABXX:3:D10	NA	0	1665.5795
NC290A:8042MABXX:2:A3	NA	0	1631.7376
NC294:8042MABXX:3:E5	NA	0	1683.9866
NC296:8042MABXX:3:F7	NA	0	1851.9824
NC296A:8042MABXX:3:A8	NA	0	1901.4421
NC298:8042MABXX:2:C7	NA	0	1739.16
NC300:8042MABXX:2:F8	NA	0	1873.93
NC302:8042MABXX:4:F7	NA	0	1612.5487
NC304:8042MABXX:4:C6	NA	0	1898.3896
NC306:8042MABXX:3:E10	NA	0	1688.184
NC310:8042MABXX:3:B9	NA	0	1571.944
NC314:8042MABXX:4:D9	NA	0	1643.8844
NC318:8042MABXX:2:E9	NA	0	1705.438
NC320:8042MABXX:2:G6	NA	0	1782.5779
NC324:8042MABXX:3:F9	NA	0	1705.2418
NC326:8042MABXX:4:H5	NA	0	1658.3362
NC328:8042MABXX:2:D2	NA	0	1536.8452
NC33:8042MABXX:3:B12	NA	0	1976.0851
NC336:8042MABXX:3:E7	NA	0	1911.6664
NC338:8042MABXX:2:A5	NA	0	1642.052
NC340:8042MABXX:3:B8	NA	0	1905.7686
NC342:8042MABXX:3:H1	NA	0	1613.1931
NC344:8042MABXX:3:E1	NA	0	1640.2716
NC346:8042MABXX:4:G8	NA	0	1795.8651
NC348:8042MABXX:3:A9	NA	0	1777.3169
NC350:8042MABXX:4:A2	NA	0	1787.3565
NC352:8042MABXX:4:E7	NA	0	1891.1388
NC354:8042MABXX:3:H10	NA	0	1788.2173
NC356:8042MABXX:2:C3	NA	0	1676.8594
NC358:8042MABXX:3:H8	NA	0	1739.7329
NC360:8042MABXX:4:E4	NA	0	1733.3544
NC362:8042MABXX:4:F12	NA	0	1664.1869
NC364:8042MABXX:2:H7	NA	0	1513.3829
NC366:8042MABXX:4:F6	NA	0	1821.026
NC368:8042MABXX:2:G5	NA	0	1654.9184
ND246:8042MABXX:3:F6	NA	0	1329.5838
NSL117226:81FE7ABXX:4:A4	1	0	1489.6923
NSL15405:81FE7ABXX:4:F8	1	1	1293.1821
NSL174429:81FE7ABXX:6:C10	1	0	1625.9842
NSL197104:81FE7ABXX:5:H9	1	0	1364.8296
NSL197105:81FENABXX:2:E1	1	0	1720.2681
NSL197106:81FE7ABXX:6:G1	0	0	1844.9751
NSL22628:81N4HABXX:1:E10	1	0	1647.3311
NSL22630:81FENABXX:6:H1	1	0	1640.6678
NSL22631:D0D0BACXX:4:H5	1	0	NA
NSL22632:81FENABXX:4:H11	1	0	1816.5604
NSL22633:81FE7ABXX:5:E2	NA	0	1883.2239
NSL22634:81FE7ABXX:1:E5	1	0	1751.8417
NSL22635:81N4HABXX:1:H10	0	0	1626.3624
NSL22983:81FENABXX:1:F9	1	0	1645.7892
NSL22984:81N4HABXX:6:C12	NA	0	1526.8516
NSL242483:81FE8ABXX:6:C7	1	0	1742.6143
NSL243016:81N4HABXX:6:E9	1	0	1497.5573
NSL246151:D0D0BACXX:4:G12	0	0	NA
NSL250298:D0D0BACXX:4:F12	0	0	NA
NSL250299:D0D0BACXX:4:B1	0	0	NA
NSL28965:81FE7ABXX:5:F2	1	0	1510.7007
NSL28967:81N4HABXX:5:H12	1	0	1439.224
NSL28968:81FENABXX:7:D1	1	0	1538.4411
NSL29282:81FE7ABXX:3:A8	1	0	1705.9939
NSL29284:81FE7ABXX:3:C8	1	0	1611.688
NSL29285:81FENABXX:2:A4	1	0	1620.1181
NSL29286:81N4HABXX:7:G8	NA	0	1507.3516
NSL29287:81FE7ABXX:6:A3	1	0	1732.9091
NSL29289:81N4HABXX:6:F6	1	0	1428.55
NSL29303:81FE7ABXX:6:D3	1	0	1511.2456
NSL29304:81FE7ABXX:6:F4	NA	0	1494.5318
NSL29305:81FE7ABXX:5:A10	1	0	1455.3642
NSL29314:81FENABXX:1:F12	NA	0	1446.1966
NSL29316:81N4HABXX:6:D7	1	0	1688.6073
NSL29317:81FE8ABXX:1:B3	1	0	1553.5778
NSL29319:81N4HABXX:6:A5	1	0	1439.0351
NSL29898:81N4HABXX:1:G9	1	0	1455.3165
NSL30046:81FENABXX:5:H2	NA	0	1567.5053
NSL30054:81FENABXX:3:G1	NA	0	NA
NSL30055:81FE7ABXX:4:H7	NA	0	1435.2692
NSL30056:81FE7ABXX:5:A4	NA	0	1330.4994
NSL30060:81FE7ABXX:3:F12	1	0	1459.0663
NSL30063:81FENABXX:3:B1	NA	0	1394.3899
NSL30064:81FE7ABXX:4:C7	1	0	1559.2418
NSL30065:81FE7ABXX:3:B8	1	0	1386.9735
NSL30066:81FE8ABXX:5:G3	1	0	1462.1922
NSL30067:81FE7ABXX:5:A1	1	0	1540.7036
NSL30068:D0D0BACXX:3:F7	1	0	NA
NSL30070:81FENABXX:3:G5	NA	0	1359.0908
NSL30071:81N4HABXX:7:E3	NA	0	1491.8151
NSL30072:81N4HABXX:3:H8	NA	0	NA
NSL30073:81FE7ABXX:4:B6	NA	0	1393.6484
NSL30074:81FE8ABXX:5:F2	1	0	1384.4389
NSL30835:81FENABXX:2:D11	1	0	1462.4669
NSL30861:81FE7ABXX:2:E8	NA	0	1666.1843
NSL30862:81FE7ABXX:2:B3	NA	0	1714.812
NSL30863:81FE7ABXX:1:D1	1	0	1535.8141
NSL30864:81FENABXX:2:D7	1	0	1561.3551
NSL30865:81FENABXX:2:G7	1	0	1535.4182
NSL30866:81FE7ABXX:6:B1	1	0	1631.8688
NSL30868:81FE8ABXX:4:E5	0	0	1693.6919
NSL30869:81FE7ABXX:3:E8	1	0	1264.4058
NSL30871:81FENABXX:1:F5	NA	0	1633.8711
NSL30872:81FENABXX:1:F11	1	0	1548.4766
NSL30873:81FENABXX:2:H4	NA	0	1558.051
NSL30874:81FENABXX:1:H1	1	0	1679.3571
NSL30875:81FE7ABXX:5:D1	1	0	1740.1635
NSL30876:81FENABXX:1:D11	1	0	1605.3034
NSL30877:81FE7ABXX:5:H5	1	0	1631.1792
NSL30878:81FE7ABXX:4:F4	1	0	1561.3377
NSL30879:81FENABXX:1:G1	1	0	1612.7504
NSL30883:81FENABXX:2:B4	1	0	1518.0119
NSL30884:81FENABXX:1:E1	1	0	1650.5291
NSL30885:81N4HABXX:7:C4	1	0	1622.4758
NSL30888:81FE7ABXX:5:G10	1	0	1415.3147
NSL30889:81N4HABXX:7:A10	1	0	1506.1342
NSL30890:81N4HABXX:7:D1	1	0	1607.1026
NSL30895:81FENABXX:1:A5	1	0	1541.5713
NSL30896:81FENABXX:1:E2	NA	0	1501.0558
NSL30898:81FE7ABXX:4:A9	1	0	1584.2067
NSL30901:81FENABXX:2:G5	1	0	1669.3054
NSL30902:81FE7ABXX:3:A11	1	0	1553.088
NSL30903:81FENABXX:2:A6	1	0	1544.9695
NSL30905:81FE7ABXX:4:C4	1	0	1775.1224
NSL30906:81FE7ABXX:3:F8	1	0	1662.7108
NSL30907:81FENABXX:2:H7	1	0	1536.7347
NSL30908:81N4HABXX:7:D9	NA	0	1588.8324
NSL30909:81FENABXX:2:A1	1	0	1652.0603
NSL30910:81FE7ABXX:5:H12	1	0	1568.9
NSL30911:81FENABXX:1:B3	NA	0	1723.6647
NSL30912:81FE7ABXX:5:E4	1	0	1682.2248
NSL30913:81FE7ABXX:5:C1	NA	0	1637.9343
NSL32718:81FE8ABXX:4:H2	1	0	1129.1014
NSL32719:D0D0BACXX:3:A3	1	0	NA
NSL32720:D0D0BACXX:3:D1	1	0	NA
NSL32721:D0D0BACXX:3:H2	1	0	NA
NSL32722:81FENABXX:7:H12	NA	0	1357.0981
NSL32723:81FE8ABXX:3:H11	1	0	1186.0319
NSL32725:D0D0BACXX:3:G2	1	0	NA
NSL32726:81FE8ABXX:3:G12	1	0	1255.5475
NSL32727:81FENABXX:6:F8	1	0	1386.628
NSL32728:81FE8ABXX:4:D6	1	0	1233.53
NSL32729:81FE8ABXX:4:D7	NA	0	1394.2785
NSL32730:81FE8ABXX:4:A2	1	0	1353.3574
NSL32731:81FENABXX:6:B11	1	0	1409.4392
NSL32732:81FENABXX:6:F4	1	0	1213.269
NSL32733:81FENABXX:7:E3	1	0	1291.0915
NSL32734:81FE8ABXX:3:D8	1	0	1557.2544
NSL32735:81FENABXX:6:D5	NA	0	1406.5237
NSL32736:81FENABXX:6:A4	1	0	1454.2417
NSL32738:81FE8ABXX:4:B8	NA	0	1375.7734
NSL32739:81FENABXX:6:G3	1	0	1193.0637
NSL34374:81FENABXX:7:G7	1	0	1399.9586
NSL42804:81N4HABXX:7:G11	1	0	1514.5744
NSL42805:D0D0BACXX:3:E11	1	1	NA
NSL42806:81N4HABXX:7:B11	1	1	1507.463
NSL42807:81FENABXX:1:C1	1	1	1522.2343
NSL42808:81FE7ABXX:3:H8	1	1	1523.764
NSL42872:81FE8ABXX:7:G11	NA	0	1374.1326
NSL42873:81FE8ABXX:1:E8	1	0	1381.3437
NSL42874:81FE8ABXX:1:A7	1	0	1255.4229
NSL42875:81N4HABXX:6:A7	1	0	1375.121
NSL42877:81FE8ABXX:5:B7	1	0	1327.3602
NSL42878:81FE8ABXX:6:F7	0	0	1263.0667
NSL43597:81FE7ABXX:7:A3	NA	0	1886.9948
NSL437871:81FENABXX:5:A1	1	0	1802.1569
NSL437877:81FENABXX:3:G12	NA	0	1668.2978
NSL437878:81FE7ABXX:1:C2	NA	0	1698.0822
NSL437879:81FENABXX:4:G8	1	0	1904.1
NSL437882:81FENABXX:5:H9	1	0	1995.4301
NSL437884:D0D0BACXX:4:A1	NA	0	NA
NSL437890:81FE7ABXX:3:C5	1	0	1715.0115
NSL437891:81FE7ABXX:3:G2	1	0	1738.5374
NSL437893:81FENABXX:5:H11	1	0	1453.4253
NSL437895:81FENABXX:5:F3	1	0	1996.4462
NSL437896:81FE7ABXX:1:F6	1	0	1766.9027
NSL437897:81FE7ABXX:2:F8	1	0	1683.818
NSL437899:81N4HABXX:1:C12	0	0	1838.8284
NSL437903:81FE7ABXX:5:F5	0	0	1428.6925
NSL437905:81FENABXX:7:F2	1	0	1622.6634
NSL437907:81FENABXX:5:A8	1	0	1489.539
NSL437908:81FENABXX:6:C1	1	0	1652.432
NSL437909:81FE7ABXX:1:C8	0	0	1590.9792
NSL437910:81FENABXX:4:G1	0	0	1573.5431
NSL437913:81FENABXX:5:G8	1	0	1630.7529
NSL437914:81FE7ABXX:1:A2	1	0	1651.9928
NSL437915:81FENABXX:5:A2	1	0	1691.8835
NSL437920:81FE7ABXX:1:F10	1	0	1665.3144
NSL437923:81FE7ABXX:2:H5	1	0	1542.3833
NSL437925:81FENABXX:5:H4	1	0	1598.0791
NSL437928:81FENABXX:6:F1	1	0	1716.4842
NSL437929:81FE7ABXX:1:G8	1	0	1736.6536
NSL437930:81FE7ABXX:2:E6	NA	0	1546.4037
NSL437931:81FENABXX:5:D6	0	0	1570.5047
NSL437932:81FE7ABXX:2:H7	0	0	1619.5696
NSL437933:81FENABXX:4:B6	0	0	1573.3869
NSL437934:81FENABXX:5:H8	0	0	1633.9701
NSL437935:81FE7ABXX:1:H11	0	0	1595.3504
NSL437936:81FENABXX:6:A2	0	0	1730.1937
NSL437937:81FENABXX:5:B2	0	0	1997.2528
NSL437939:81FE7ABXX:2:H3	0	0	1615.3167
NSL437940:81FE7ABXX:3:A3	0	0	1710.7559
NSL437943:81FE7ABXX:2:F11	NA	0	1933.8739
NSL437945:81FE7ABXX:2:F4	NA	0	2358.3951
NSL437946:81FENABXX:5:G9	1	0	1841.3041
NSL437947:81FE7ABXX:1:A5	1	0	1767.9506
NSL437948:81FE7ABXX:2:B9	1	0	2041.0918
NSL437950:81FENABXX:5:E4	NA	0	2100.499
NSL437952:81FENABXX:4:G7	NA	0	1678.5874
NSL437956:81FE7ABXX:2:A8	1	0	2107.5044
NSL437959:81FENABXX:5:H10	1	0	1623.9822
NSL437960:81FENABXX:3:F11	1	0	1661.9323
NSL437962:81FE7ABXX:1:B8	1	0	1542.3136
NSL437964:81FE7ABXX:3:E4	1	0	1739.9057
NSL437966:81FENABXX:4:F11	1	0	1712.22
NSL437967:81FENABXX:5:B4	NA	0	1503.7825
NSL437968:81FE7ABXX:1:B9	1	0	1673.0893
NSL437971:81FENABXX:4:C5	1	0	1655.7805
NSL437972:81FE7ABXX:3:G1	1	0	1712.4648
NSL437973:81FE7ABXX:3:H2	1	0	1751.5019
NSL437976:81FE7ABXX:2:E5	1	0	1593.3343
NSL437979:81FENABXX:6:C3	1	0	1599.3922
NSL437980:81FE7ABXX:3:B1	1	0	1660.9649
NSL437981:81FENABXX:4:F9	1	0	1667.3497
NSL437982:81FENABXX:4:D3	1	0	1637.8008
NSL437983:81FENABXX:5:C3	1	0	1639.6418
NSL437987:81FENABXX:5:G4	NA	0	1668.1187
NSL437988:81FE7ABXX:1:E9	1	0	1639.5736
NSL437989:81FENABXX:5:C10	0	0	1755.7892
NSL437990:81FENABXX:5:F12	1	0	1711.5337
NSL437992:81FENABXX:6:D2	1	0	1604.0737
NSL437993:81FENABXX:4:D10	1	0	1640.9546
NSL437994:81FENABXX:3:G10	1	0	1620.3199
NSL437995:81FENABXX:4:B11	1	0	1687.6187
NSL437996:81FENABXX:4:D1	1	0	1621.5117
NSL437998:81FENABXX:4:F4	1	0	1863.7841
NSL438002:81FENABXX:4:F8	1	0	1742.9203
NSL438005:81FE7ABXX:1:A8	NA	0	1739.9667
NSL438007:81FE7ABXX:1:G3	1	0	1671.4753
NSL438008:81FE7ABXX:1:H9	1	0	1719.5074
NSL438009:81FE7ABXX:1:G9	1	0	1663.1684
NSL438010:81FE7ABXX:3:A5	1	0	1651.7003
NSL438013:81FE7ABXX:1:G11	1	0	1731.4067
NSL438019:81FENABXX:3:B10	NA	0	1510.8473
NSL438021:81FE7ABXX:2:F7	NA	0	1588.7123
NSL438022:81FE7ABXX:2:E9	1	0	1581.7976
NSL438023:81FENABXX:3:E12	NA	0	1666.4923
NSL438029:81FE7ABXX:1:C1	1	0	1639.042
NSL438030:81FE7ABXX:1:D9	1	0	1655.8423
NSL438031:81FE7ABXX:3:F1	1	0	1619.6448
NSL438032:81FENABXX:4:B5	NA	0	1698.9379
NSL438033:81FENABXX:5:E11	1	0	1523.5049
NSL438034:81FENABXX:4:A4	1	0	1595.8396
NSL438036:81FE7ABXX:1:H5	1	0	1588.0546
NSL438037:81FE7ABXX:2:E3	NA	0	1819.8776
NSL438038:81FE7ABXX:2:A10	1	0	1925.0543
NSL438039:81FENABXX:5:F6	1	0	1822.8209
NSL438040:81FENABXX:4:A3	1	0	1804.9094
NSL438041:81FE7ABXX:2:G2	1	0	1764.1128
NSL438042:81FE7ABXX:2:A12	1	0	1699.6461
NSL438043:81FE7ABXX:3:A6	NA	0	1694.0236
NSL52605:D0D0BACXX:3:A10	NA	0	NA
NSL53081:D0D0BACXX:4:G5	1	0	NA
NSL53082:D0D0BACXX:4:C2	1	0	NA
NSL53096:D0D0BACXX:4:F4	0	0	NA
NSL65862:D0D0BACXX:3:F4	1	0	NA
NSL65863:81FENABXX:1:A2	1	0	1624.8848
NSL65864:81FENABXX:6:B3	1	0	1365.5424
NSL65866:81FE7ABXX:5:H4	1	0	1616.0232
NSL65868:81FENABXX:2:C3	1	0	1580.7967
NSL65869:D0D0BACXX:3:F7	1	0	NA
NSL65872:81FENABXX:5:D5	1	0	1585.6982
NSL67786:81FENABXX:5:A5	0	0	1743.263
NSL67788:81FENABXX:4:H4	1	0	1748.6065
NSL67789:81FENABXX:3:B12	1	0	1706.5901
NSL67790:81FENABXX:5:H5	1	0	1654.1345
NSL67792:81FE7ABXX:3:D5	1	0	1640.826
NSL67793:81FE7ABXX:2:H1	1	0	1797.1653
NSL67796:81FENABXX:5:F2	0	0	1822.8912
NSL67797:81FE7ABXX:3:F3	1	0	1700.0868
NSL67798:81FE7ABXX:1:C6	1	0	1615.3747
NSL67799:81FE7ABXX:2:A3	NA	0	1762.8703
NSL68211:81N4HABXX:6:H1	NA	0	1516.8979
NSL68245:D0D0BACXX:4:B5	0	0	NA
NSL75970:81FE7ABXX:5:H2	1	0	1659.0195
NSL75971:81FE7ABXX:6:D4	NA	0	1622.731
NSL75976:81FENABXX:4:H1	1	0	1627.3839
NSL75977:81FENABXX:2:H6	1	0	1529.5878
NSL75980:81FE7ABXX:6:A5	1	0	1525.4671
NSL81595:81FE8ABXX:6:G2	1	0	1495.3173
NSL81596:81FENABXX:3:H6	1	0	1505.5016
NSL81597:81FE8ABXX:6:E11	1	0	1472.1265
NSL81598:81FENABXX:2:F12	1	0	1535.8203
NSL81600:81FENABXX:3:A4	1	0	1587.3668
NSL8579:81FE7ABXX:6:C7	1	1	1753.8311
NSL8581:81FE7ABXX:3:H3	NA	1	1902.2547
NSL8582:D0D0BACXX:3:D8	1	1	NA
NSL8583:81FENABXX:2:H8	NA	1	1434.7225
NSL91618:D0D0BACXX:3:H8	1	0	NA
Oh40B:8042MABXX:2:D8	NA	0	1532.2791
Oh43:8042MABXX:4:G2	NA	0	1479.6358
Oh43E:8042MABXX:2:E7	NA	0	1448.9657
Oh603:8042MABXX:2:D7	NA	0	1560.9221
OH7B:8042MABXX:4:B11	NA	0	1738.8069
Os420:8042MABXX:2:H5	NA	0	1543.9767
P39:8042MABXX:4:C5	NA	0	1384.3031
Pa762:8042MABXX:4:F8	NA	0	1505.0355
Pa875:8042MABXX:2:C10	NA	0	1595.7864
Pa880:8042MABXX:4:F2	NA	0	1644.2424
Pa91:8042MABXX:4:E5	NA	0	1636.7641
PI186182:81FE8ABXX:7:G10	1	0	1619.6052
PI186183:81N4HABXX:1:C1	1	0	1612.3075
PI186184:81N4HABXX:3:D7	1	0	1580.5523
PI186185:81N4HABXX:7:H7	NA	0	1633.2688
PI186187:81FENABXX:1:D8	1	0	1493.4252
PI186188:81FENABXX:4:D9	NA	0	1629.8731
PI186190:81FE8ABXX:6:E1	NA	0	NA
PI186191:D0D0BACXX:4:E5	NA	0	NA
PI186192:81FENABXX:2:C1	1	0	1464.2548
PI186193:81N4HABXX:1:A6	NA	0	1445.0039
PI186195:81N4HABXX:3:E4	1	0	1684.5513
PI186196:81FENABXX:1:D4	1	0	1698.5353
PI186197:81N4HABXX:2:B12	1	0	1745.3635
PI186198:81N4HABXX:2:B10	1	0	1609.7988
PI186199:81FENABXX:2:F2	1	0	1693.6994
PI186215:81FE7ABXX:4:A12	NA	0	1623.1412
PI186216:81FE8ABXX:7:F2	NA	0	NA
PI186217:81N4HABXX:7:F3	NA	0	1604.3381
PI186218:81FENABXX:1:C5	NA	0	1509.2579
PI186219:81FE8ABXX:7:B11	NA	0	1431.6696
PI186220:81FENABXX:5:B10	NA	0	1621.3389
PI186221:81FE7ABXX:4:H6	1	0	1646.0189
PI186223:81N4HABXX:2:E10	NA	0	1436.3664
PI186224:81FE7ABXX:5:B9	NA	0	1559.7291
PI186226:81FE7ABXX:4:C8	NA	0	NA
PI186227:81FE8ABXX:1:D2	NA	0	1622.695
PI186228:81N4HABXX:6:A9	1	0	1474.4749
PI186229:81FE7ABXX:3:B9	NA	0	1625.0228
PI186230:81FE7ABXX:6:H1	1	0	1525.5992
PI186231:81FE7ABXX:1:F4	1	0	1539.7256
PI198888:81FE8ABXX:7:F6	NA	0	1676.1174
PI198889:81FENABXX:4:E8	1	0	1828.0201
PI198890:81FENABXX:5:F1	NA	0	1600.6805
PI198892:81FE7ABXX:1:E10	NA	0	1458.8206
PI198893:81N4HABXX:6:B4	NA	0	1609.6873
PI198894:81FE8ABXX:5:H7	NA	0	1427.7934
PI198895:81FE8ABXX:1:A1	NA	0	1608.7587
PI198896:81FENABXX:5:B3	NA	0	1784.0051
PI198897:81FENABXX:1:C12	NA	0	1532.7933
PI198901:81FENABXX:5:B6	NA	0	1417.6868
PI198902:81FENABXX:5:F4	1	0	NA
PI198903:D0D0BACXX:4:G5	NA	0	NA
PI198904:81FENABXX:4:F1	NA	0	1736.2314
PI198905:81FENABXX:3:D11	NA	0	NA
PI198906:81FE8ABXX:7:H1	NA	0	1695.397
PI200179:81N4HABXX:7:C12	0	0	1431.7285
PI200180:81FE8ABXX:1:H9	0	0	1469.1258
PI200181:81FENABXX:2:F7	0	0	1410.6246
PI200182:81FENABXX:2:H2	0	0	1542.1533
PI200184:81FE7ABXX:2:D10	0	0	1501.179
PI200185:81N4HABXX:7:A5	0	0	1555.0467
PI200187:81FE7ABXX:7:D3	0	0	1369.448
PI200188:81FENABXX:2:D2	0	0	1382.6017
PI200189:81FE8ABXX:6:A12	0	0	1605.6445
PI200191:81FE8ABXX:5:B11	0	0	1431.0548
PI200192:81FENABXX:4:H6	1	0	1546.9359
PI200193:81FE8ABXX:7:B9	1	0	1541.7164
PI200194:81N4HABXX:7:F8	1	0	1417.7949
PI200195:81FENABXX:3:C2	0	0	1426.4922
PI200196:81N4HABXX:5:E11	1	0	1514.4463
PI221733:81FE7ABXX:7:B8	0	0	NA
PI221734:81N4HABXX:3:D4	0	0	1663.5306
PI221735:81N4HABXX:3:F9	0	0	1625.0278
PI221736:81FE7ABXX:7:B11	0	0	1646.7066
PI221737:81FE7ABXX:6:D10	1	0	1706.8398
PI221738:81N4HABXX:2:D12	0	0	NA
PI221739:81FE7ABXX:7:C5	0	0	NA
PI221741:81FE7ABXX:2:D11	0	0	1580.1258
PI221743:81FE8ABXX:6:H12	0	0	1470.8869
PI221747:81FE8ABXX:7:A12	0	0	1567.3703
PI221749:81N4HABXX:1:B6	0	0	NA
PI221750:81N4HABXX:6:E1	0	0	1404.3157
PI221773:81FE7ABXX:1:A11	0	0	1725.4363
PI221775:81FE7ABXX:2:A6	1	0	1727.1765
PI221785:81FE7ABXX:2:B6	1	0	1478.2801
PI221788:81FE7ABXX:4:E12	1	0	1741.9374
PI221789:81FENABXX:2:C7	NA	0	1708.004
PI221790:81FE7ABXX:4:D10	1	0	NA
PI221794:81FENABXX:2:B8	1	0	1749.5974
PI221797:81N4HABXX:2:B2	NA	0	2169.0126
PI221805:81FENABXX:5:F9	1	0	1368.4868
PI221806:81FENABXX:7:B3	NA	0	NA
PI221811:81FENABXX:5:E7	NA	0	1581.5554
PI221813:81N4HABXX:7:C5	NA	0	NA
PI221817:81FENABXX:4:B9	NA	0	1607.5079
PI221820:81FE7ABXX:6:B6	1	0	1596.1766
PI221821:81FE7ABXX:5:G1	1	0	1849.1176
PI221822:81FE7ABXX:7:H3	NA	0	1683.1205
PI233312:81N4HABXX:6:G8	1	1	1304.3404
PI233313:81FENABXX:6:D11	1	1	1226.0301
PI233314:81FENABXX:6:H5	1	1	1147.4784
PI233315:81FENABXX:2:C10	1	1	1388.7971
PI233316:81FENABXX:6:C10	1	1	1225.4349
PI233317:81N4HABXX:5:G1	1	1	1232.932
PI233318:81FE8ABXX:4:C1	1	1	1174.0006
PI233319:81FENABXX:6:B8	1	1	1193.1166
PI233320:81FE8ABXX:5:A9	1	1	1377.7469
PI233321:81FE8ABXX:4:E7	1	1	1236.5785
PI233322:81FE8ABXX:6:A9	1	1	1260.4072
PI233323:81FENABXX:3:D7	1	1	1350.909
PI236997:81FENABXX:6:G11	1	0	1316.8451
PI257506:81FE8ABXX:4:D1	1	0	1138.2056
PI257507:D0D0BACXX:3:A4	1	0	1203.5362
PI257508:81FE8ABXX:3:A8	1	0	1301.2269
PI257511:81FE8ABXX:3:C12	0	0	1318.5322
PI257512:81FENABXX:6:A7	0	0	1318.4539
PI257513:81FE8ABXX:3:E11	1	0	1352.2059
PI257514:81FE8ABXX:4:H1	NA	0	1303.8352
PI257515:81FE8ABXX:4:E6	0	0	1369.1109
PI257516:81FENABXX:6:F11	0	0	1451.2751
PI257517:81FE8ABXX:6:H1	1	0	1494.7677
PI267164:81FE8ABXX:4:G3	0	0	1467.5854
PI267165:81FENABXX:6:B4	0	0	1413.9907
PI267166:81FENABXX:6:D4	1	0	1479.6075
PI267167:81FE8ABXX:6:B5	1	0	1514.823
PI267168:81FENABXX:6:D12	1	0	1406.7392
PI267169:81FENABXX:6:G10	1	0	1352.8033
PI267170:81FENABXX:6:A11	1	0	1390.9191
PI267171:81FENABXX:6:G5	1	0	1512.6692
PI270297:81FE7ABXX:2:D12	1	0	1794.4484
PI303924:81FE8ABXX:5:C10	1	0	1267.4828
PI303925:81N4HABXX:6:D9	1	0	1310.4771
PI303926:81FENABXX:1:G6	1	0	1393.6271
PI303927:81FE7ABXX:3:D3	1	0	NA
PI303928:81FE8ABXX:7:B12	1	0	1681.4715
PI303929:81FE8ABXX:7:H4	1	0	1474.2992
PI303930:81FE7ABXX:3:G11	1	0	1418.8527
PI303932:81FE8ABXX:1:F1	1	0	1447.8633
PI303933:81FE8ABXX:6:C9	1	0	1426.0064
PI303935:81FE8ABXX:6:C3	1	0	1311.4743
PI303936:81FE7ABXX:3:G4	1	0	1492.8154
PI303937:81N4HABXX:7:F4	1	0	1728.3995
PI303938:81FENABXX:3:C8	1	0	1302.6757
PI303939:81FE8ABXX:5:E4	1	0	1485.828
PI303940:81FE7ABXX:3:B6	1	0	1461.828
PI303941:81FE7ABXX:6:G8	1	0	1597.2074
PI303942:81N4HABXX:1:E1	1	0	1685.243
PI303943:81FENABXX:2:G6	1	0	1678.4635
PI303944:81FE7ABXX:7:F11	1	0	1861.8583
PI340812:81N4HABXX:6:C4	0	0	1444.7834
PI340813:81FE7ABXX:6:F2	1	0	1558.0231
PI340817:81FE8ABXX:4:F8	1	0	1163.3958
PI340818:81FE8ABXX:4:F7	1	0	1102.7924
PI340819:81FE8ABXX:3:H9	1	0	1095.5661
PI340820:81FENABXX:3:F6	1	0	1273.0746
PI340821:81FENABXX:6:A6	1	0	1144.7803
PI340822:81FENABXX:6:H8	1	0	1101.4596
PI340823:81FENABXX:6:G4	1	0	1134.2917
PI340824:81FE8ABXX:4:D8	1	0	1209.2285
PI340825:81FENABXX:6:H3	1	0	1224.5773
PI340826:81FENABXX:3:B2	NA	0	1358.0556
PI340827:81FENABXX:7:C6	1	0	1472.3886
PI340829:81FENABXX:3:E5	NA	0	1348.7838
PI340830:81FENABXX:2:A9	1	0	1461.755
PI340835:D0D0BACXX:3:C9	NA	0	NA
PI340836:81FE7ABXX:4:H4	0	0	1508.2319
PI340837:D0D0BACXX:4:B4	NA	0	NA
PI340838:81FE7ABXX:1:D8	NA	0	1634.9319
PI340839:81FE7ABXX:2:D2	NA	0	1588.0595
PI340841:81FE7ABXX:2:F1	NA	0	1581.4671
PI340842:81FE7ABXX:1:D12	NA	0	1747.323
PI340844:81N4HABXX:7:D11	NA	0	1563.3922
PI340845:D0D0BACXX:3:F12	NA	0	NA
PI340846:81FE7ABXX:6:H6	NA	0	1552.3595
PI340847:81FE7ABXX:1:G6	1	0	1561.5689
PI340850:81FENABXX:3:C11	NA	0	1634.4768
PI340851:81N4HABXX:7:D2	NA	0	1351.0282
PI340853:81FE8ABXX:1:E5	NA	0	1470.2897
PI340854:81FE7ABXX:3:D8	NA	0	1536.457
PI340855:81FENABXX:1:B9	NA	0	1486.3511
PI340856:81FE7ABXX:4:G3	NA	0	1478.7496
PI340857:81FE7ABXX:4:A11	NA	0	1427.805
PI340858:81FE7ABXX:6:E6	NA	0	1569.4073
PI340859:81N4HABXX:2:B6	NA	0	1456.2142
PI340860:81N4HABXX:7:E2	NA	0	1554.9048
PI340861:81FENABXX:5:C5	1	0	1574.4188
PI340862:81FENABXX:6:B1	1	0	1433.0962
PI340863:81FE7ABXX:3:G5	NA	0	1494.1569
PI340865:81FE7ABXX:5:E7	0	0	1327.2384
PI340866:81FENABXX:1:F7	NA	0	1374.3865
PI340868:81FE7ABXX:3:A7	1	0	1473.1533
PI340869:81FE7ABXX:2:B5	0	0	1743.5574
PI340870:81FE7ABXX:3:H4	0	0	1774.968
PI340871:81FE7ABXX:5:A12	0	0	1823.6878
PI340872:81FE7ABXX:2:E4	1	0	1693.9495
PI340873:81FENABXX:3:F12	NA	0	1700.777
PI340874:81FE8ABXX:7:B10	0	0	1646.5618
PI340875:81FE8ABXX:7:G9	0	0	1605.7716
PI340876:81FE7ABXX:2:E10	NA	0	1465.4486
PI340877:81FENABXX:7:C2	NA	0	NA
PI340878:81FENABXX:4:G2	NA	0	1658.634
PI343952:81FENABXX:6:F10	NA	0	NA
PI343953:81FENABXX:7:H3	1	0	1270.1361
PI358521:81FENABXX:5:A4	0	1	1634.9465
PI358522:81FENABXX:5:F8	0	1	1670.7689
PI358523:81FE8ABXX:6:F10	0	1	1554.9407
PI358524:81FENABXX:6:G1	0	1	1626.4051
PI358525:81FE8ABXX:6:E6	0	1	1495.6755
PI358526:81FENABXX:3:E3	1	1	NA
PI358527:81FE7ABXX:3:B7	1	1	1338.4092
PI358528:81FENABXX:1:G10	1	1	1510.7944
PI358529:81FENABXX:2:C4	1	1	1441.6927
PI358530:81FE7ABXX:4:F9	1	1	1483.3172
PI358531:81N4HABXX:6:C11	1	1	1379.3521
PI358532:81N4HABXX:5:B11	1	1	1501.3336
PI358533:81FE7ABXX:3:C11	1	1	1328.4646
PI358534:81FENABXX:2:D6	NA	1	1425.8313
PI358535:81FE8ABXX:6:E12	1	1	1470.7054
PI358536:81FENABXX:1:F8	1	1	1470.265
PI358537:81FENABXX:2:E7	1	1	1502.2664
PI358538:81N4HABXX:7:A4	NA	1	1463.3689
PI358539:81FE7ABXX:4:D5	1	1	1409.0976
PI369437:81FE8ABXX:3:D11	1	0	1316.0233
PI369438:81FENABXX:6:E9	1	0	1402.8622
PI369439:81FE8ABXX:3:E10	1	0	1102.0941
PI369442:81FENABXX:6:H6	1	0	1426.1859
PI369443:81FE8ABXX:3:D10	NA	0	1292.5994
PI369446:81FE8ABXX:3:C8	1	0	1208.0725
PI391414:81FE8ABXX:2:F4	1	0	1584.3469
PI391415:81N4HABXX:5:C9	1	0	NA
PI391416:81N4HABXX:5:D5	0	0	2019.7166
PI391660:81FE7ABXX:5:F9	1	0	1471.2785
PI391662:81FENABXX:1:A8	1	0	1494.2416
PI391663:81N4HABXX:1:D8	1	0	1546.444
PI391665:81FE8ABXX:6:G11	1	0	1468.568
PI391666:81N4HABXX:6:E5	NA	0	1396.694
PI391667:81FENABXX:2:F6	1	0	NA
PI391670:81FENABXX:3:B5	1	0	1445.9827
PI391672:81FE8ABXX:1:A8	1	0	1247.1322
PI391676:81FENABXX:5:A3	1	0	1615.8762
PI391678:81FE7ABXX:4:H8	1	0	1466.2557
PI391679:81FENABXX:1:A6	NA	0	NA
PI391680:81N4HABXX:7:E6	1	0	1472.8129
PI391682:81N4HABXX:6:B9	NA	0	1419.2144
PI405705:81FENABXX:2:D12	1	0	1312.1048
PI405706:81FENABXX:4:H5	NA	0	1296.9668
PI405707:81FENABXX:5:E10	1	0	1354.1266
PI405709:81FENABXX:1:C10	1	0	1405.591
PI405711:81FENABXX:2:B6	NA	0	1306.9195
PI405712:81FE8ABXX:5:H11	NA	0	1477.9796
PI405713:81FENABXX:2:F3	1	0	1398.33
PI405714:81N4HABXX:7:G7	1	0	1441.7315
PI406106:81FE7ABXX:4:H10	0	0	1481.6228
PI406107:81FENABXX:4:C4	1	0	1544.1438
PI406108:81FE7ABXX:3:H12	0	0	1641.8784
PI406109:81FE7ABXX:2:C7	1	0	1813.7061
PI406110:81N4HABXX:3:G3	1	0	NA
PI406113:81FENABXX:6:G2	1	0	1817.873
PI406115:D0D0BACXX:4:E1	0	0	NA
PI406116:81FE8ABXX:7:E6	0	0	1752.9719
PI406117:81FENABXX:7:G1	0	0	NA
PI406118:81FE7ABXX:3:A1	1	0	1696.083
PI406119:81FE8ABXX:7:F9	1	0	1707.0121
PI406120:81N4HABXX:1:B5	NA	0	1677.0378
PI406122:81FE8ABXX:5:E3	NA	0	1702.1883
PI406123:81FE7ABXX:3:D6	NA	0	1713.0409
PI406124:81N4HABXX:2:H5	1	0	2003.0819
PI406125:81FENABXX:4:E6	1	0	1666.1498
PI406126:81FE7ABXX:4:E11	1	0	1689.9867
PI406127:81FENABXX:7:H2	1	0	NA
PI406128:81FENABXX:1:E9	1	0	1525.6204
PI406129:81FE8ABXX:3:F7	0	0	1846.5037
PI406130:81FE8ABXX:2:D8	NA	0	1831.1114
PI415077:81FENABXX:6:B6	0	0	1181.637
PI415078:81FENABXX:7:H4	1	0	1263.4241
PI415079:81FE8ABXX:4:B3	1	0	1106.8486
PI415080:81FENABXX:7:C3	1	0	1297.8976
PI415081:81FE8ABXX:4:C2	NA	0	1322.3956
PI415082:81FENABXX:6:E8	1	0	1309.0503
PI415083:81FE8ABXX:4:A3	NA	0	1300.5831
PI415084:81FE8ABXX:3:G10	NA	0	1198.5924
PI415085:81FE8ABXX:6:A11	NA	0	NA
PI415086:81FE8ABXX:5:B6	1	0	1496.2658
PI415087:81FE8ABXX:5:D12	1	0	1498.8938
PI415088:81FE8ABXX:4:G7	1	0	1470.6925
PI415089:81FENABXX:6:F6	1	0	1361.9317
PI415090:81FE8ABXX:4:B5	1	0	1215.0666
PI415091:81FENABXX:6:F9	1	0	1275.9151
PI427109:81N4HABXX:6:F11	NA	0	1498.2901
PI427111:81FE7ABXX:5:G5	NA	0	1396.8644
PI433485:81FE8ABXX:3:A11	NA	0	1400.6851
PI433486:81FENABXX:6:F5	NA	0	1202.2155
PI433487:81FENABXX:7:C4	1	0	1151.2779
PI433488:81FENABXX:6:B10	NA	0	1152.9559
PI452250:81FE7ABXX:7:F1	NA	0	1712.475
PI459078:81FENABXX:2:D3	NA	0	1729.7632
PI459080:81FE7ABXX:4:E2	NA	0	1564.0474
PI459082:81N4HABXX:7:D12	NA	0	1291.6478
PI506243:81FE8ABXX:3:B5	0	0	2032.8102
PI506244:81N4HABXX:4:C4	NA	0	NA
PI506245:81N4HABXX:4:E8	NA	0	2207.272
PI506249:81N4HABXX:4:A4	NA	0	1997.3088
PI506250:81FE8ABXX:3:F6	NA	0	2151.0378
PI506251:81FE8ABXX:1:G12	NA	0	2001.5388
PI506252:81FE8ABXX:2:G6	NA	0	1567.7549
PI506254:81N4HABXX:4:H10	NA	0	1757.3163
PI506256:81FE8ABXX:2:C3	NA	0	1912.5937
PI506257:81FE8ABXX:2:E9	NA	0	NA
PI506258:81FE8ABXX:2:D1	NA	0	1755.5587
PI506411:81FENABXX:4:H10	NA	0	1395.9295
PI506412:81FE7ABXX:1:D10	NA	0	1294.4371
PI506413:81FE7ABXX:2:H12	NA	0	1503.1844
PI508277:81FENABXX:3:F8	NA	0	1542.1247
PI509045:81N4HABXX:2:B1	1	1	1589.641
PI509046:D0D0BACXX:4:D11	1	1	NA
PI509542:81FENABXX:5:G12	1	0	1548.8124
PI510674:81FENABXX:7:B4	1	0	1333.9262
PI511309:81FENABXX:1:B5	1	0	1518.8108
PI511310:81FE7ABXX:3:D7	1	0	1528.4286
PI511311:81FENABXX:2:A5	1	0	1522.6169
PI511313:81FE7ABXX:7:A12	1	0	1623.4809
PI511315:81N4HABXX:2:F11	1	0	1843.3625
PI511317:81FE7ABXX:7:C2	1	0	1914.9027
PI511318:81FE7ABXX:7:B2	1	0	1638.9444
PI511804:81FE8ABXX:7:A4	NA	0	1674.704
PI511805:81FE8ABXX:7:A3	0	0	1709.8611
PI517968:81N4HABXX:6:C9	1	0	1412.4181
PI517971:81N4HABXX:1:E5	1	0	1485.8272
PI517972:81FE7ABXX:2:C1	1	0	1560.3726
PI517973:81FENABXX:4:C12	1	0	1737.8653
PI518660:81FENABXX:6:A9	1	0	1339.9397
PI520770:81FE8ABXX:5:A8	1	0	1381.2027
PI520771:81FENABXX:3:F1	1	0	1659.8535
PI520772:81FENABXX:7:E7	1	0	1464.3174
PI522250:81FENABXX:6:A8	1	0	1214.4126
PI522252:81FENABXX:6:E4	1	0	1280.6946
PI524970:81FE8ABXX:5:G4	1	0	1446.7992
PI527699:81FE7ABXX:3:A4	NA	0	1671.5767
PI527700:81FE7ABXX:1:C5	NA	0	1516.4508
PI531081:81FENABXX:2:B12	1	0	1474.1168
PI531082:81FENABXX:3:A8	NA	0	1449.0085
PI531083:81FE7ABXX:1:H1	1	0	1666.6811
PI531509:81N4HABXX:7:A6	NA	0	1602.9936
PI531510:81N4HABXX:7:H10	NA	0	1676.1577
PI531511:81FE7ABXX:6:C2	NA	0	1653.9738
PI533658:81FENABXX:3:C5	1	0	1434.4311
PI533659:81N4HABXX:4:A8	1	0	1487.8703
PI535900:81FE8ABXX:3:G9	NA	0	1109.9254
PI535901:81FE8ABXX:4:F5	NA	0	1197.0853
PI535906:81FE8ABXX:4:C5	NA	0	1199.7542
PI535913:81FENABXX:6:A10	NA	0	1258.9251
PI535914:81FENABXX:7:A4	1	0	1245.077
PI535916:81FE8ABXX:4:D5	NA	0	1381.1602
PI535917:81FE8ABXX:4:G5	NA	0	1252.4582
PI535919:81FE8ABXX:4:D4	NA	0	1145.3407
PI535920:81FENABXX:6:D8	NA	0	1253.3809
PI535921:81FENABXX:6:C9	NA	0	1225.4866
PI535923:81FE8ABXX:4:H6	NA	0	1342.0609
PI535924:81FE8ABXX:4:D2	NA	0	1190.1955
PI535925:81FENABXX:6:C5	NA	0	1195.6194
PI535926:81FE8ABXX:3:F11	NA	0	1075.0502
PI535927:81FE8ABXX:3:G11	NA	0	1114.8577
PI536520:81FE8ABXX:1:B4	1	0	1887.584
PI537097:81FENABXX:1:H12	1	0	1572.1222
PI537099:81FE7ABXX:4:G6	1	0	1466.4708
PI538007:81FE8ABXX:7:B3	1	0	1435.6485
PI538008:D0D0BACXX:3:C7	1	0	NA
PI538009:81FENABXX:1:H9	1	0	1465.287
PI538010:D0D0BACXX:3:A7	1	0	NA
PI538011:81FE7ABXX:4:E3	1	0	1464.0709
PI538229:81FE8ABXX:3:F9	1	0	1484.5365
PI538231:81FENABXX:6:C12	0	0	1555.166
PI538235:81FENABXX:7:F3	1	0	1337.9024
PI538236:81FENABXX:3:B7	0	0	1359.6165
PI538237:81FE8ABXX:4:G6	1	0	1420.0278
PI538238:81FE8ABXX:3:G8	1	0	1288.8915
PI538239:81FENABXX:3:H8	0	0	1447.5767
PI538242:81N4HABXX:4:C7	0	0	1406.5506
PI538244:81FE8ABXX:5:H6	0	0	1508.1011
PI539859:81FE7ABXX:7:E9	0	0	2031.8266
PI539870:81FE8ABXX:1:C1	1	0	1495.1119
PI539871:81FE8ABXX:6:D10	1	0	1488.6404
PI539872:81FENABXX:5:C1	1	0	1627.0007
PI539920:81N4HABXX:7:D5	1	0	1276.2137
PI539921:81FE7ABXX:4:D12	1	0	1280.0807
PI539922:81FE7ABXX:4:F7	1	0	1569.0439
PI539923:81FENABXX:2:G2	1	0	1622.8556
PI539924:81N4HABXX:7:B2	1	0	1389.9982
PI539925:D0D0BACXX:3:A8	1	0	NA
PI539926:81N4HABXX:6:E2	1	0	1588.9905
PI539927:81FE7ABXX:4:F11	1	0	1573.739
PI539930:81FENABXX:2:F8	1	0	1262.3353
PI540312:81FE7ABXX:1:H8	1	0	1906.556
PI540741:81FE8ABXX:2:H12	0	0	2484.0039
PI540742:81N4HABXX:5:D8	0	0	2128.472
PI540743:81N4HABXX:4:H9	0	0	1915.2315
PI540744:81N4HABXX:5:A4	0	0	1915.2049
PI540746:81N4HABXX:4:F4	0	0	2111.0397
PI540748:81FE8ABXX:3:H5	1	0	2236.086
PI540749:81N4HABXX:5:B10	NA	0	1796.0239
PI540750:81FE8ABXX:2:C6	1	0	2168.4407
PI540751:81N4HABXX:4:D8	NA	0	1775.6217
PI542715:81FE8ABXX:1:E7	NA	0	1595.5183
PI542716:81N4HABXX:5:C12	NA	0	1560.3006
PI542776:81FENABXX:4:D2	1	0	1563.6273
PI542777:81N4HABXX:1:F7	NA	0	1728.4899
PI542778:81N4HABXX:1:D7	1	0	1705.7377
PI542941:D0D0BACXX:4:A7	1	0	NA
PI542942:D0D0BACXX:4:E10	1	0	NA
PI542943:D0D0BACXX:3:B8	0	0	NA
PI542944:D0D0BACXX:4:H3	0	0	NA
PI542946:D0D0BACXX:4:E5	0	0	NA
PI542947:D0D0BACXX:4:A8	1	0	NA
PI542948:81FE8ABXX:7:C8	1	0	1921.8349
PI542952:81N4HABXX:1:G7	1	0	1856.6249
PI542953:81FE7ABXX:1:A7	1	0	1743.3489
PI542955:81FE7ABXX:3:E10	0	0	1769.1607
PI542956:81FENABXX:2:F1	0	0	1753.15
PI542957:81FE7ABXX:6:G4	0	0	1694.8907
PI542958:81N4HABXX:6:H6	0	0	1766.0123
PI542959:81FE7ABXX:4:B1	1	0	1708.5157
PI543008:81N4HABXX:1:H8	1	0	1832.4346
PI543840:D0D0BACXX:3:G1	1	0	NA
PI543843:D0D0BACXX:3:B9	0	0	NA
PI543846:D0D0BACXX:3:B6	1	0	NA
PI543847:D0D0BACXX:3:D11	1	0	NA
PI543849:D0D0BACXX:3:B10	1	0	NA
PI543850:D0D0BACXX:3:B4	1	0	NA
PI544065:D0D0BACXX:3:E8	1	0	NA
PI546482:D0D0BACXX:3:H9	1	0	NA
PI546483:D0D0BACXX:3:E8	1	NA	NA
PI546484:D0D0BACXX:3:G2	1	0	NA
PI546485:D0D0BACXX:3:H8	1	0	NA
PI546494:81FE8ABXX:4:F6	NA	0	1307.3469
PI547086:81N4HABXX:6:B7	NA	0	1575.692
PI547087:D0D0BACXX:3:G5	1	0	NA
PI547088:81FE7ABXX:4:G10	1	0	1544.0368
PI547089:D0D0BACXX:3:H5	1	0	NA
PI547090:D0D0BACXX:3:E12	1	0	NA
PI547107:D0D0BACXX:3:H2	NA	0	NA
PI548783:81N4HABXX:1:H11	0	0	1655.2257
PI548788:81FE7ABXX:7:E7	1	0	2026.0811
PI548789:D0D0BACXX:4:E3	1	0	NA
PI548790:D0D0BACXX:4:H12	1	0	NA
PI548792:81FE7ABXX:6:F9	1	0	1908.237
PI548794:81FENABXX:7:E4	NA	0	1320.7882
PI548798:D0D0BACXX:3:B9	1	0	NA
PI548799:D0D0BACXX:3:G6	1	0	NA
PI548800:D0D0BACXX:3:B6	0	0	NA
PI548801:D0D0BACXX:3:A6	1	0	NA
PI548802:D0D0BACXX:3:D9	1	0	NA
PI548804:D0D0BACXX:3:H3	1	0	NA
PI548805:D0D0BACXX:3:A1	NA	0	NA
PI548808:D0D0BACXX:3:A12	NA	0	NA
PI548830:D0D0BACXX:3:C8	1	0	NA
PI548839:D0D0BACXX:3:H1	1	0	NA
PI550442:81FE8ABXX:7:F11	0	0	1532.4887
PI550443:81FE7ABXX:2:A1	1	0	1812.9923
PI550455:81FENABXX:5:A11	NA	0	1614.3632
PI550456:D0D0BACXX:3:A4	1	0	NA
PI550462:81FE7ABXX:5:B7	NA	0	1604.1105
PI550463:81FE7ABXX:2:F5	1	0	1552.7085
PI550464:81FE7ABXX:6:F1	NA	0	1494.8939
PI550466:81FE7ABXX:3:E9	NA	0	1555.1069
PI550468:81FENABXX:5:H6	NA	0	1662.5599
PI550470:81FE7ABXX:5:C7	1	0	1711.0467
PI550471:81FE7ABXX:2:D8	1	0	1952.3375
PI550489:81FE8ABXX:4:F3	1	0	1312.5777
PI550491:81FENABXX:6:E6	1	0	1373.6516
PI550492:81N4HABXX:2:F8	1	1	1295.9517
PI550496:81FE7ABXX:5:H7	1	0	1668.7154
PI550497:81FE7ABXX:4:A10	1	0	1635.7554
PI550503:81FENABXX:6:F12	1	0	1413.0001
PI550504:81FE8ABXX:4:C3	NA	0	1239.8745
PI550514:D0D0BACXX:4:A1	0	0	NA
PI550515:D0D0BACXX:4:B2	0	0	NA
PI550516:81N4HABXX:3:D8	0	0	1781.1551
PI550517:81N4HABXX:2:E2	0	0	1708.6562
PI550519:81N4HABXX:1:F5	1	0	1803.7152
PI550520:81FENABXX:6:E1	1	0	1765.3064
PI550521:81FE8ABXX:7:H10	1	0	1572.5133
PI550526:81FENABXX:5:H3	1	0	1657.758
PI550527:81N4HABXX:4:H5	1	0	1626.353
PI550530:81FE8ABXX:4:E3	1	0	1266.0092
PI550531:81FENABXX:6:A12	1	0	1223.4734
PI550532:81FE8ABXX:4:H3	1	0	1291.6449
PI550534:81N4HABXX:4:C3	1	0	1890.5167
PI550540:81FE8ABXX:4:A8	1	0	1256.014
PI550541:81FE8ABXX:3:B9	1	0	1387.4505
PI550542:81FENABXX:6:F7	1	0	1288.6638
PI550546:81N4HABXX:3:E7	1	0	1823.6293
PI550547:81FE7ABXX:7:A5	NA	0	1926.6884
PI550548:81N4HABXX:3:H12	1	0	1891.1345
PI550552:81FE8ABXX:4:A6	0	0	1294.608
PI550553:81FE8ABXX:4:E1	NA	0	1093.5115
PI550554:81FENABXX:6:D7	1	0	1249.4676
PI550556:81FENABXX:4:H2	1	0	1629.0896
PI550559:81FE7ABXX:7:D1	0	0	1860.9514
PI550561:81FENABXX:6:H12	1	0	1321.7975
PI550565:81FE8ABXX:4:A7	1	0	1386.2027
PI550567:81FENABXX:6:E10	NA	0	1362.4298
PI550568:81FE8ABXX:3:F8	NA	0	1394.8689
PI550571:81FENABXX:6:D9	1	0	1370.8959
PI550573:81FENABXX:6:G12	1	0	1303.092
PI550574:81N4HABXX:3:A10	0	0	1879.8489
PI550695:D0D0BACXX:3:A8	1	0	NA
PI550900:81FE8ABXX:2:H1	1	0	2397.4249
PI550901:81FE8ABXX:2:E11	0	0	2242.4828
PI550902:81N4HABXX:5:A1	0	0	2183.621
PI550903:81FE8ABXX:3:D1	0	0	2010.6232
PI550904:81FE8ABXX:3:H2	0	0	2359.2465
PI550905:81FE8ABXX:3:B1	0	0	2220.9225
PI550906:81FE8ABXX:2:B12	0	0	2236.7918
PI550907:81N4HABXX:5:C1	0	0	1958.635
PI550908:81N4HABXX:4:H4	0	0	2238.3229
PI550909:81N4HABXX:5:E3	0	0	1750.2212
PI550911:81N4HABXX:5:F2	0	0	1913.7568
PI550913:81FE8ABXX:3:E3	0	0	1859.535
PI550916:81FE8ABXX:1:G10	0	0	2300.4285
PI550917:81N4HABXX:4:D11	0	0	1887.496
PI550918:81N4HABXX:5:F4	NA	0	1938.0179
PI550919:81N4HABXX:5:D1	0	0	NA
PI550920:81FE8ABXX:3:B4	0	0	2079.9529
PI550922:81N4HABXX:4:F9	0	0	2101.542
PI550923:81N4HABXX:4:H8	0	0	1987.0281
PI550924:81N4HABXX:4:E6	0	0	1960.664
PI550925:81N4HABXX:4:A12	0	0	2171.9045
PI552815:D0D0BACXX:3:G8	1	0	NA
PI553054:81FENABXX:2:F4	NA	0	1385.1741
PI553055:81N4HABXX:7:B4	NA	0	1254.3902
PI553056:81FE7ABXX:3:H9	NA	0	1432.3167
PI553057:81FE7ABXX:5:D10	NA	0	1480.806
PI553058:81FE7ABXX:5:G7	NA	0	1473.443
PI553059:81N4HABXX:7:D6	NA	0	1611.8481
PI553060:81N4HABXX:7:C8	NA	0	1566.0675
PI553061:81FE7ABXX:4:B5	NA	0	1448.724
PI553062:81FENABXX:1:H8	NA	0	1389.1048
PI553063:81FE7ABXX:4:D2	NA	0	1576.7206
PI553064:81FE7ABXX:4:C10	NA	0	1732.7021
PI554612:D0D0BACXX:3:F8	1	NA	NA
PI554615:D0D0BACXX:3:F5	1	0	NA
PI554616:D0D0BACXX:3:E3	1	0	NA
PI555650:D0D0BACXX:3:D7	1	0	NA
PI555651:D0D0BACXX:3:A9	1	0	NA
PI555660:D0D0BACXX:3:E10	1	NA	NA
PI558516:81N4HABXX:1:C11	NA	0	1708.7473
PI558517:81FE8ABXX:7:A9	1	0	1783.6382
PI558518:81N4HABXX:1:B8	NA	0	1638.8402
PI558521:81N4HABXX:2:E1	NA	0	1627.7341
PI558522:81FE8ABXX:7:H12	NA	0	1738.6809
PI558523:81FENABXX:5:E1	NA	0	1965.02
PI558524:81FE8ABXX:7:G3	NA	0	1802.1505
PI558525:81FE8ABXX:7:E10	NA	0	1865.0723
PI558526:81FE8ABXX:7:D12	NA	0	1793.9785
PI558527:81FENABXX:4:D6	NA	0	1703.048
PI558528:81N4HABXX:1:A9	NA	0	1686.2924
PI558529:81FE8ABXX:7:G2	NA	0	1838.0694
PI558530:81N4HABXX:1:G11	NA	0	1852.6495
PI558531:81FE8ABXX:7:G6	NA	0	1730.3414
PI558533:81N4HABXX:3:F5	NA	0	2015.9595
PI558534:81FE7ABXX:7:H12	NA	0	2102.5458
PI559375:D0D0BACXX:3:B11	1	NA	NA
PI559380:D0D0BACXX:3:C11	1	NA	NA
PI559381:D0D0BACXX:3:F6	1	0	NA
PI559382:D0D0BACXX:3:H10	1	NA	NA
PI559383:D0D0BACXX:3:F7	1	NA	NA
PI559916:D0D0BACXX:3:G8	1	NA	NA
PI559917:D0D0BACXX:3:D6	1	NA	NA
PI559918:81FE7ABXX:5:D5	1	0	1511.9325
PI559919:D0D0BACXX:3:F3	1	NA	NA
PI559920:D0D0BACXX:3:D5	1	NA	NA
PI559921:D0D0BACXX:3:B12	1	NA	NA
PI559935:D0D0BACXX:3:B7	1	0	NA
PI559944:D0D0BACXX:3:G7	1	0	NA
PI559945:D0D0BACXX:3:H12	1	0	NA
PI559946:D0D0BACXX:3:C1	1	0	NA
PI559949:D0D0BACXX:3:A5	1	0	NA
PI559952:D0D0BACXX:3:F2	1	0	NA
PI559953:D0D0BACXX:3:F9	1	0	NA
PI559954:D0D0BACXX:3:A7	1	0	NA
PI560074:81FE7ABXX:5:A2	NA	0	1597.9169
PI560075:81N4HABXX:7:C3	1	0	1588.6173
PI560081:81FENABXX:1:B10	NA	0	1553.1341
PI560082:81FENABXX:4:B7	1	0	1642.6149
PI560316:D0D0BACXX:3:A11	1	NA	NA
PI561515:81N4HABXX:4:E2	1	0	1810.4866
PI561516:81FE7ABXX:7:G3	1	0	1795.9766
PI561517:81FE7ABXX:7:D7	1	0	1748.661
PI561518:81FE7ABXX:7:A1	1	0	1856.5532
PI561520:81N4HABXX:1:E7	NA	0	1886.2798
PI561521:81N4HABXX:2:E5	1	0	NA
PI561522:81FE7ABXX:7:B10	1	0	1774.072
PI561523:81N4HABXX:1:D12	1	0	1783.8539
PI561525:81FE8ABXX:7:C5	1	0	1789.0692
PI561526:81N4HABXX:3:H3	1	0	1750.478
PI561527:81FE7ABXX:3:B5	1	0	1679.2616
PI561528:81FE7ABXX:7:A2	1	0	1884.2067
PI561529:81N4HABXX:1:C5	1	0	1803.7324
PI561531:D0D0BACXX:4:F5	1	0	NA
PI561532:81FE7ABXX:7:D9	1	0	1866.1391
PI561533:81N4HABXX:3:H4	1	0	1664.9475
PI561534:81N4HABXX:3:D10	1	0	NA
PI561535:81FE8ABXX:7:G4	NA	0	1850.2868
PI561537:81FE8ABXX:7:H2	NA	0	1742.7837
PI561565:81FENABXX:4:A6	NA	0	1643.4226
PI561601:81N4HABXX:4:B12	0	0	1985.7486
PI561602:81FE8ABXX:2:E5	0	0	2109.175
PI561603:81FE8ABXX:2:F9	0	0	1982.338
PI561604:81N4HABXX:4:H7	0	0	1862.4938
PI561605:81FE8ABXX:3:F2	0	0	2126.5633
PI561606:81FE8ABXX:3:A2	0	0	2029.7536
PI561607:81FE8ABXX:2:C9	0	0	2033.6576
PI561609:81FE8ABXX:2:G11	0	0	1969.7689
PI561610:81FE8ABXX:2:B7	0	0	2148.2538
PI561613:81FE8ABXX:2:B3	0	0	1905.3464
PI561614:81FE8ABXX:2:G1	0	0	1980.0335
PI561618:81FE8ABXX:3:F3	0	0	2162.2044
PI561694:81FE8ABXX:6:E9	NA	0	1485.1443
PI561695:81FENABXX:2:F10	NA	0	1587.6287
PI564683:81FENABXX:5:B12	1	0	NA
PI564716:81N4HABXX:2:C12	1	0	1794.5002
PI564717:81N4HABXX:1:G4	1	0	1605.3048
PI564852:81FENABXX:5:G3	1	0	1755.0203
PI567792:81FE8ABXX:5:F9	1	1	1492.5516
PI567793:81FENABXX:2:C8	1	1	1487.076
PI567794:81FE8ABXX:6:C4	1	1	1442.3184
PI568158:81N4HABXX:7:H8	NA	0	1547.8948
PI568159:81FE8ABXX:5:C11	NA	0	1612.8998
PI568160:81FE8ABXX:6:B8	NA	0	1626.8389
PI572413:81FE8ABXX:1:G6	1	0	1580.1428
PI583774:81FENABXX:3:E6	NA	0	1494.0051
PI583846:81FENABXX:5:C8	0	0	1467.8819
PI583847:81FE7ABXX:1:G12	1	0	1559.6997
PI584528:81FE7ABXX:6:D2	NA	0	1610.9893
PI584529:81FENABXX:6:A3	1	0	1493.2392
PI586935:81FE8ABXX:5:G11	1	0	1903.0316
PI587125:81FE8ABXX:3:B8	NA	0	1369.0046
PI587126:81FENABXX:6:G9	1	1	1179.5955
PI587145:81FE8ABXX:7:C12	NA	0	1745.2019
PI587146:81FE8ABXX:7:E3	1	0	1718.0333
PI587153:81FE8ABXX:4:E8	1	0	1411.4245
PI587155:81FE8ABXX:5:D11	NA	0	1365.8737
PI591014:D0D0BACXX:4:C7	1	0	NA
PI591015:D0D0BACXX:4:A10	1	0	NA
PI591017:81N4HABXX:5:G6	NA	0	1773.8567
PI591022:D0D0BACXX:4:D11	0	0	NA
PI592733:81FE7ABXX:3:D11	1	0	1689.7235
PI592735:81FENABXX:6:H7	1	0	1648.2768
PI592741:81FENABXX:1:G11	0	0	1576.5437
PI593007:81FE8ABXX:7:G7	1	0	1689.1623
PI593008:81FE8ABXX:7:B1	1	0	1795.5317
PI593010:81FE8ABXX:7:F7	1	0	1828.629
PI593011:81FENABXX:7:E1	1	0	NA
PI593012:81N4HABXX:1:F10	1	0	1781.0396
PI593013:81N4HABXX:2:A2	NA	0	1739.619
PI593014:81FE8ABXX:7:H8	1	0	1571.0572
PI593015:81FE8ABXX:7:E2	1	0	2012.2261
PI593017:81N4HABXX:2:F2	1	0	1719.7097
PI593019:81FE8ABXX:7:B5	1	0	NA
PI593460:81FENABXX:3:A9	NA	0	1425.452
PI594045:81FENABXX:2:H10	1	0	1555.4965
PI594049:81FE7ABXX:2:C5	NA	0	1529.9506
PI594050:81N4HABXX:6:A4	1	0	1503.9059
PI594051:81FE8ABXX:1:G2	1	0	1567.1898
PI594052:81FE8ABXX:1:D3	1	0	1618.0107
PI594053:81N4HABXX:6:H2	1	0	1635.3618
PI594054:81FE8ABXX:4:D11	1	0	1524.8194
PI594055:81FE8ABXX:1:H4	1	0	1584.9978
PI594056:81FE8ABXX:1:E9	1	0	1557.6603
PI594057:81N4HABXX:6:C3	1	0	1572.5612
PI594058:81N4HABXX:2:D3	1	0	1554.1851
PI594059:81N4HABXX:6:A8	1	0	1522.7986
PI594060:81N4HABXX:1:D11	1	0	1657.7485
PI594061:81N4HABXX:6:A6	1	0	1638.9978
PI594062:81N4HABXX:6:A3	1	0	1562.0031
PI594063:81N4HABXX:6:E3	1	0	1669.9141
PI594064:81FE8ABXX:1:C5	1	0	1734.079
PI594065:81FE8ABXX:1:G3	1	0	1547.3646
PI594066:81FE8ABXX:6:F11	1	0	1556.1527
PI594067:81FE8ABXX:1:A4	1	0	1563.7295
PI594068:81N4HABXX:6:D5	1	0	1601.6112
PI594069:81FE8ABXX:6:H3	1	0	1510.1162
PI594070:81N4HABXX:6:E8	1	0	1491.1194
PI594071:81FE8ABXX:1:B5	1	0	1519.3512
PI594072:81FE8ABXX:1:H2	1	0	1561.7252
PI594073:81N4HABXX:6:C6	1	0	1589.2092
PI594074:81N4HABXX:6:D4	1	0	1560.7371
PI594075:81FE8ABXX:1:C8	1	0	1687.8331
PI594076:81N4HABXX:6:F4	1	0	1640.4475
PI594077:81FE8ABXX:1:C6	1	0	1544.4685
PI594078:81FE8ABXX:1:F9	1	0	1551.3913
PI594079:81FE8ABXX:4:F9	1	0	1505.3508
PI594080:81FE8ABXX:1:H6	1	0	1548.6804
PI594081:81FE8ABXX:6:H9	1	0	1670.0048
PI594082:81N4HABXX:6:C2	NA	0	1576.1376
PI594083:81N4HABXX:6:A10	1	0	1628.7944
PI594084:81FE8ABXX:7:G5	1	0	1583.0588
PI594085:81FE8ABXX:4:C6	1	0	1642.5251
PI594086:81N4HABXX:6:G2	1	0	1579.4452
PI594087:81FE8ABXX:1:B2	1	0	1606.9486
PI594088:81N4HABXX:5:D11	NA	0	1557.0885
PI594089:81FE8ABXX:1:E2	NA	0	1530.5739
PI594090:81N4HABXX:6:C7	NA	0	1610.1718
PI594091:81FE8ABXX:1:D10	1	0	1640.4871
PI595366:81FENABXX:3:D2	1	0	1596.9844
PI595367:81FENABXX:7:G6	1	0	1706.0763
PI595527:81N4HABXX:5:D3	0	0	2169.5014
PI595528:81FE8ABXX:3:C2	NA	0	NA
PI595529:81N4HABXX:5:E2	0	0	2112.4495
PI595530:81FE8ABXX:2:F7	0	0	NA
PI595531:81FE8ABXX:2:E7	0	0	2408.5178
PI595532:81N4HABXX:5:G2	0	0	1976.0631
PI595533:81FE8ABXX:1:F12	0	0	1953.5697
PI595535:81FENABXX:7:A2	0	0	NA
PI595536:81FE8ABXX:3:H4	0	0	2461.4795
PI595537:81N4HABXX:4:H12	0	0	NA
PI595538:81FE8ABXX:2:G3	0	0	2095.3436
PI595539:81N4HABXX:4:B8	0	0	2659.5884
PI595540:81N4HABXX:5:G3	0	0	2577.5402
PI595543:81N4HABXX:4:G8	0	0	2322.8916
PI595545:81FE8ABXX:2:A8	0	0	2810.938
PI595546:81N4HABXX:4:E11	0	0	NA
PI595547:81N4HABXX:5:A3	0	0	2290.8268
PI595548:81FE8ABXX:2:A7	0	0	2271.2927
PI595549:81FE8ABXX:2:B5	0	0	2094.1931
PI595551:81FENABXX:7:B2	1	0	NA
PI595552:81N4HABXX:5:B2	1	0	2316.4115
PI595553:81N4HABXX:5:F3	1	0	2034.2481
PI595554:81N4HABXX:4:F6	1	0	2188.0031
PI595555:81FE8ABXX:2:E4	1	0	2645.7033
PI595556:81N4HABXX:4:D5	1	0	1989.2334
PI595557:81FE8ABXX:3:G5	1	0	2162.5739
PI595558:81FE8ABXX:1:A11	1	0	1898.4474
PI595559:81N4HABXX:4:A6	1	0	NA
PI595560:81FE8ABXX:3:A7	1	0	2129.9152
PI595562:81FE8ABXX:1:B12	1	0	NA
PI595563:81N4HABXX:4:G7	1	0	NA
PI595564:81FE8ABXX:3:C4	1	0	2233.2479
PI595566:81N4HABXX:5:H8	1	0	2256.0941
PI595567:81FE8ABXX:2:C7	1	0	1707.0438
PI595568:81N4HABXX:4:B4	NA	0	1831.118
PI595569:81N4HABXX:5:H1	1	0	1671.151
PI595570:81FENABXX:7:B1	1	0	2180.9885
PI595571:81N4HABXX:5:B8	1	0	2524.4723
PI595616:81N4HABXX:6:H12	1	0	1252.2779
PI596354:81N4HABXX:3:F11	1	0	1683.8992
PI596355:81FE8ABXX:5:D9	1	0	1536.6982
PI596356:81FE8ABXX:5:B12	NA	0	1628.9215
PI596357:81FENABXX:2:A10	1	0	1685.2327
PI596499:81FE7ABXX:4:C1	NA	0	1480.076
PI596500:81FE7ABXX:6:C4	NA	0	1543.8544
PI596501:81FE7ABXX:3:C10	NA	0	1544.7811
PI596502:81FE7ABXX:5:A3	NA	0	1494.5135
PI596503:81FENABXX:2:B3	NA	0	1460.3875
PI596504:81FENABXX:2:D8	NA	0	1378.7934
PI596505:81FE7ABXX:4:B4	NA	0	1520.2531
PI596506:81N4HABXX:7:A7	NA	0	1494.7405
PI596627:81N4HABXX:3:B9	0	0	1754.168
PI596628:81FE7ABXX:7:H8	0	0	1852.6881
PI596629:81N4HABXX:2:D10	0	0	1575.9562
PI597578:81N4HABXX:6:F9	1	0	1509.4793
PI597925:81FE7ABXX:3:H5	1	0	1530.9556
PI597926:81FE7ABXX:1:E3	1	0	1476.7843
PI600729:81FE7ABXX:4:H11	1	0	1545.5424
PI600751:81N4HABXX:7:C6	1	0	1547.3445
PI600755:81FENABXX:2:E5	NA	0	1525.1589
PI600772:81FENABXX:4:D4	1	0	1507.0982
PI600791:81N4HABXX:5:F12	1	0	1504.5007
PI600944:81N4HABXX:1:C3	1	0	1501.1752
PI600954:81N4HABXX:5:E12	1	0	1528.2147
PI600955:81FE7ABXX:4:E5	1	0	1606.3671
PI600956:81FE7ABXX:5:E10	1	0	1568.2959
PI600957:81FE8ABXX:5:F11	1	0	1551.5957
PI600958:81FE7ABXX:4:E1	1	0	1454.8703
PI600959:81FE8ABXX:3:A10	NA	0	1399.9703
PI600981:81FENABXX:1:H3	1	0	1632.1861
PI601003:81FENABXX:6:H9	1	0	1081.4517
PI601004:81N4HABXX:6:B2	1	0	1466.4729
PI601005:81FE8ABXX:3:E9	1	0	1415.856
PI601006:81FE7ABXX:5:C10	1	0	1464.2974
PI601007:81FE8ABXX:4:A12	1	0	1460.9255
PI601008:81FENABXX:1:F1	1	0	1591.9253
PI601009:81FE8ABXX:1:G7	1	0	1477.6537
PI601026:81FE8ABXX:3:F12	1	0	1372.1041
PI601037:81FE7ABXX:6:B5	1	0	1495.5736
PI601079:81FE7ABXX:4:H9	1	0	1612.5843
PI601080:81FENABXX:1:G3	1	0	1303.9821
PI601150:81FE8ABXX:5:A4	1	0	1462.8694
PI601159:81FE7ABXX:3:C12	1	0	1655.4442
PI601170:81FE8ABXX:6:D8	1	0	1440.2844
PI601171:81N4HABXX:7:E8	1	0	1566.7724
PI601172:81FENABXX:5:D8	NA	0	1640.3146
PI601190:81FE8ABXX:5:D6	1	0	1435.9444
PI601191:81FE7ABXX:6:C5	1	0	1504.5716
PI601208:81FE8ABXX:5:E2	1	0	1458.3769
PI601209:81FE7ABXX:4:D9	1	0	1428.7803
PI601210:81FENABXX:1:E10	1	0	1480.492
PI601211:81N4HABXX:7:A2	1	0	1541.9067
PI601229:81FE7ABXX:5:G2	1	0	1473.2836
PI601230:81N4HABXX:1:F11	NA	0	1729.1731
PI601269:81N4HABXX:7:F9	NA	0	1510.302
PI601270:81FENABXX:1:G9	1	0	1427.2608
PI601300:81FE8ABXX:1:B9	1	0	1461.8452
PI601301:81FE7ABXX:4:A1	1	0	1587.7183
PI601316:81FE7ABXX:6:A7	NA	0	1411.8094
PI601317:81FENABXX:1:E5	1	0	1437.7773
PI601318:81N4HABXX:7:C2	1	0	1371.8616
PI601319:81FE8ABXX:5:F3	1	0	1407.0844
PI601320:81FENABXX:4:C6	1	0	1626.0052
PI601321:81FE8ABXX:5:C2	1	0	1299.5642
PI601322:81FENABXX:2:C5	1	0	1482.6977
PI601323:81N4HABXX:4:D10	NA	0	1886.1978
PI601324:81FE8ABXX:2:D9	1	0	1830.9432
PI601329:81N4HABXX:5:D7	0	0	1746.2586
PI601331:81FE8ABXX:2:D11	1	0	1740.1546
PI601332:81FE8ABXX:1:C11	1	0	1792.6796
PI601360:81FE7ABXX:4:G5	1	0	1303.7444
PI601361:81FENABXX:6:E3	0	0	1473.5349
PI601362:81FE7ABXX:3:E1	0	0	1458.9957
PI601374:81FE8ABXX:5:C5	1	0	1439.9524
PI601375:81FE8ABXX:1:D9	1	0	1411.1703
PI601376:81FE8ABXX:5:H4	1	0	1188.0984
PI601377:81FENABXX:1:H6	1	0	1436.5176
PI601378:81FE7ABXX:5:G4	1	0	1432.1233
PI601402:81FE7ABXX:3:G10	1	0	1410.3933
PI601403:81FENABXX:6:F2	1	0	1584.2338
PI601404:81N4HABXX:1:A8	1	0	1629.8759
PI601405:81N4HABXX:7:G10	1	0	1397.2169
PI601416:81N4HABXX:7:A8	NA	0	1319.1198
PI601417:81FE7ABXX:5:B12	1	0	1539.0088
PI601430:81FE8ABXX:3:A12	1	0	1347.4438
PI601438:81N4HABXX:6:A12	1	0	1567.576
PI601439:81FE7ABXX:2:H2	1	0	1505.3837
PI601440:81FENABXX:1:H4	1	0	1631.9904
PI601441:81FE7ABXX:1:D3	1	0	1520.7669
PI601442:81FENABXX:4:C2	1	0	1587.8634
PI601457:81N4HABXX:6:H4	1	0	1330.1413
PI601458:81FE8ABXX:1:C3	1	0	1420.8709
PI601459:81FE8ABXX:6:H4	1	0	1469.7625
PI601466:81FE8ABXX:3:E12	1	0	1481.5385
PI601467:81FENABXX:6:G8	1	0	1169.9249
PI601468:81FENABXX:2:D9	1	0	1553.6905
PI601469:81FE7ABXX:2:G3	NA	0	1270.6668
PI601470:81FE8ABXX:1:H7	NA	0	1599.7473
PI601489:81FENABXX:1:D7	NA	0	1603.2128
PI601490:81N4HABXX:1:G12	1	0	1786.2541
PI601491:81N4HABXX:6:C8	1	0	1482.1041
PI601492:81FE8ABXX:5:G9	1	0	1516.3662
PI601493:81FENABXX:5:G11	1	0	1317.4721
PI601494:81N4HABXX:6:B8	1	0	1602.1344
PI601495:81FENABXX:1:D9	1	0	1511.336
PI601496:81FE8ABXX:1:A10	NA	0	1357.9035
PI601497:81FE7ABXX:1:B4	1	0	1441.1336
PI601498:81FENABXX:1:G5	1	0	1583.6286
PI601499:81FE7ABXX:2:E2	1	0	1462.2343
PI601500:81FE7ABXX:1:H10	0	0	1647.8286
PI601501:81FE7ABXX:3:D9	1	0	1592.7488
PI601502:81N4HABXX:6:B5	1	0	1627.9004
PI601558:81FENABXX:3:B6	NA	0	1513.2076
PI601559:81FE8ABXX:1:B6	1	0	1478.1915
PI601560:81N4HABXX:6:H5	1	0	1490.0928
PI601561:81FE7ABXX:4:D7	1	0	1550.3409
PI601562:81FENABXX:3:A12	1	0	1472.3877
PI601563:81N4HABXX:6:B3	0	0	1546.7728
PI601564:81FE8ABXX:5:A6	1	0	1627.1233
PI601565:81FE7ABXX:4:C12	1	0	1451.9336
PI601566:81FE7ABXX:3:C9	NA	0	1442.7753
PI601567:81FE7ABXX:4:H5	1	0	1497.3724
PI601568:81FE7ABXX:2:H8	NA	0	1599.3822
PI601569:81FENABXX:5:E12	NA	0	1743.3268
PI601570:81FE8ABXX:5:H5	1	0	1437.8909
PI601571:81FENABXX:4:G5	1	0	1654.2049
PI601572:81FENABXX:1:B1	1	0	1435.276
PI601573:81FENABXX:6:E2	1	0	1593.9235
PI601574:81FENABXX:4:G9	0	0	1563.7429
PI601575:81FENABXX:5:C11	NA	0	1535.3472
PI601576:81FE7ABXX:3:B3	NA	0	1565.7806
PI601583:81FE7ABXX:4:D1	NA	0	1412.1299
PI601584:81FE8ABXX:6:A7	1	0	1461.4964
PI601610:81FE7ABXX:3:F6	1	0	1421.1953
PI601611:81FE8ABXX:6:C1	NA	0	1385.7799
PI601612:81FE7ABXX:4:B12	NA	0	1600.2369
PI601658:D0D0BACXX:3:C5	NA	0	NA
PI601683:81FENABXX:2:C9	1	0	1404.7611
PI601684:81FE7ABXX:6:E7	NA	0	1680.5643
PI601685:81FE7ABXX:4:F5	1	0	1633.2383
PI601686:81FE7ABXX:4:H3	1	0	1537.5492
PI601689:81FENABXX:2:B5	NA	0	1584.3749
PI601724:81FENABXX:2:G11	1	0	1611.7234
PI601725:81N4HABXX:6:G6	1	0	1517.2101
PI601726:81FENABXX:6:C2	1	0	1368.6843
PI601727:81FENABXX:6:H2	1	0	1394.1902
PI601728:81FENABXX:5:B1	1	0	1397.8754
PI601729:81N4HABXX:7:E9	1	0	1649.3289
PI601745:81FE7ABXX:6:C6	1	0	1535.7971
PI601773:81FE7ABXX:5:C2	1	0	1578.2114
PI601774:81N4HABXX:5:A11	1	0	1518.8314
PI601775:81FENABXX:1:E11	1	0	1623.7768
PI601776:81FE8ABXX:6:E7	1	0	1274.138
PI601777:81FE8ABXX:1:A6	1	0	1587.347
PI601778:81FENABXX:3:D1	1	0	1532.704
PI601779:81FE7ABXX:4:G4	1	0	1715.84
PI601780:81FE8ABXX:1:D4	1	0	1457.3874
PI601781:81FE8ABXX:1:F8	1	0	1321.1791
PI601782:81N4HABXX:5:F11	1	0	1514.9847
PI601783:81FE7ABXX:6:G6	1	0	1566.27
PI601784:81FE8ABXX:1:G9	1	0	1452.576
PI601785:81FENABXX:5:C7	1	0	1672.9209
PI601786:81FE7ABXX:4:D6	1	0	1569.5927
PI601787:81FE8ABXX:1:F6	1	0	1688.1913
PI601788:81FE7ABXX:2:D7	1	0	1599.1933
PI601789:81N4HABXX:5:D6	1	0	1381.1317
PI601790:81FE8ABXX:1:C7	1	0	1369.7074
PI601791:81FENABXX:4:F6	0	0	1437.3136
PI601792:81FENABXX:5:D11	1	0	1451.8164
PI601808:81FE8ABXX:1:F5	1	0	1476.6603
PI603939:81FE7ABXX:3:B12	1	0	1564.0482
PI604605:81FE8ABXX:5:C9	1	0	1528.0572
PI604606:81FE8ABXX:1:D7	1	0	1659.8969
PI606769:81FE8ABXX:5:C12	NA	0	1521.9102
PI607381:81FE7ABXX:3:D1	1	0	1681.6811
PI607382:81FENABXX:4:H8	NA	0	1526.8674
PI607383:81FE7ABXX:3:G12	1	0	1527.3746
PI607384:81FE7ABXX:2:C3	1	0	1546.4683
PI607519:81FE8ABXX:3:C10	NA	0	1239.8212
PI607522:81FE8ABXX:3:B12	1	0	1275.1791
PI607523:81FE8ABXX:6:D7	NA	0	1517.5343
PI607524:81FE8ABXX:3:F10	NA	0	1431.623
PI607525:81FENABXX:6:C7	1	0	1387.0542
PI607527:81FE8ABXX:4:B4	NA	0	1435.1186
PI608764:81FENABXX:4:C9	1	0	1563.3754
PI608768:81FENABXX:3:E8	1	0	1524.1479
PI608777:81FE7ABXX:3:C3	NA	0	1487.5396
PI608778:81FE7ABXX:1:E1	NA	0	1667.8096
PI608806:81FE7ABXX:7:H10	0	0	1876.8108
PI610493:81FENABXX:3:G6	1	0	1746.8657
PI610494:81FENABXX:1:F6	1	0	1597.6065
PI613179:D0D0BACXX:3:B5	0	0	NA
PI614142:D0D0BACXX:4:G2	1	0	NA
PI614819:81FE8ABXX:3:A6	1	0	2285.9143
PI614820:81FE7ABXX:7:A4	1	0	1832.6945
PI619429:81FE8ABXX:1:H11	1	0	1876.189
PI619430:81N4HABXX:5:B7	0	0	1852.1489
PI619431:81FE8ABXX:2:G7	0	0	2054.4264
PI631393:81FE8ABXX:4:F1	1	0	1304.4357
PI631394:81FE8ABXX:4:C4	1	0	1240.5167
PI631444:81FE7ABXX:1:F1	NA	0	1675.6462
PI632413:D0D0BACXX:4:D4	1	0	NA
PI632746:81FE7ABXX:1:C12	NA	0	1529.0656
PI633727:81FE7ABXX:7:C8	NA	0	1887.1963
PI633728:81N4HABXX:4:A2	NA	0	1731.692
PI633840:81FE8ABXX:3:G4	1	0	1589.5462
PI633924:81N4HABXX:1:D1	1	0	1690.7326
PI634206:81FENABXX:2:B7	1	0	1577.6645
PI634207:81FE7ABXX:5:F1	1	0	1533.5519
PI634211:81N4HABXX:7:H5	1	0	1565.1213
PI634212:81FE7ABXX:3:E12	1	0	1587.9463
PI634213:81FE7ABXX:5:H1	1	0	1551.8999
PI634214:81FENABXX:1:D6	NA	0	1578.4511
PI634215:81FE7ABXX:6:C3	1	0	1576.8129
PI635122:81FE8ABXX:3:D6	0	0	2330.6865
PI635123:81N4HABXX:5:E9	0	0	2239.2411
PI635124:81FE8ABXX:2:A9	0	0	2254.8774
PI635125:81N4HABXX:4:B5	0	0	2241.5535
PI635126:81FE8ABXX:3:D7	0	0	1942.8845
PI635127:81FE8ABXX:3:C5	0	0	2331.9903
PI635128:81N4HABXX:4:H6	1	0	2168.4375
PI635129:81FE8ABXX:1:E11	NA	0	2148.19
PI635130:81N4HABXX:4:F11	0	0	2338.6029
PI635131:81FE8ABXX:3:D5	NA	0	1912.3868
PI635132:81FE8ABXX:3:E4	0	0	2084.682
PI635133:81N4HABXX:4:E12	0	0	2012.4621
PI635134:81N4HABXX:5:H2	NA	0	2219.2037
PI635135:81N4HABXX:4:C9	0	0	2171.903
PI635136:81FE8ABXX:2:F11	0	0	2003.8421
PI635137:81N4HABXX:5:C6	0	0	2272.0896
PI635138:81N4HABXX:5:G4	0	0	2099.1356
PI635139:81FE8ABXX:3:C1	0	0	2418.7731
PI635140:81FE8ABXX:2:C8	NA	0	2027.3245
PI635141:81N4HABXX:5:B4	0	0	1710.9687
PI638549:81N4HABXX:6:E4	1	0	1634.121
PI638550:81FE8ABXX:5:F7	1	0	1638.4117
PI638552:81FE7ABXX:1:C4	1	0	1481.9861
PI638553:81FENABXX:4:F5	1	0	1580.5081
PI638594:81N4HABXX:1:H3	0	0	1690.6396
PI639037:D0D0BACXX:4:E4	1	0	NA
PI639038:D0D0BACXX:4:E8	1	0	NA
PI639039:D0D0BACXX:4:E5	1	0	NA
PI639040:D0D0BACXX:4:E9	1	0	NA
PI639041:D0D0BACXX:4:D7	NA	0	NA
PI639042:D0D0BACXX:4:G4	1	0	NA
PI639044:D0D0BACXX:4:G12	NA	0	NA
PI639045:D0D0BACXX:4:D6	1	0	NA
PI639046:D0D0BACXX:4:H4	1	0	NA
PI639048:D0D0BACXX:4:A11	1	0	NA
PI639049:D0D0BACXX:4:C6	1	0	NA
PI639050:D0D0BACXX:4:H6	1	0	NA
PI639052:D0D0BACXX:4:D1	0	0	NA
PI639053:D0D0BACXX:4:C11	1	0	NA
PI639055:D0D0BACXX:4:B5	1	0	NA
PI639056:D0D0BACXX:4:H10	NA	0	NA
PI639497:D0D0BACXX:4:H7	1	0	NA
PI639498:D0D0BACXX:4:B3	NA	0	NA
PI639499:D0D0BACXX:4:D3	1	0	NA
PI639500:D0D0BACXX:4:H1	NA	0	NA
PI639501:D0D0BACXX:4:B7	1	0	NA
PI639502:D0D0BACXX:4:B1	1	0	NA
PI639503:D0D0BACXX:4:G5	1	0	NA
PI639504:D0D0BACXX:4:F4	1	0	NA
PI639505:D0D0BACXX:4:A4	1	0	NA
PI639925:81N4HABXX:4:C8	0	0	1993.5315
PI639926:81N4HABXX:5:E8	0	0	2352.7397
PI639927:81FE8ABXX:1:G11	0	0	1918.7712
PI639928:81FE8ABXX:2:F1	0	0	1954.9377
PI639929:81N4HABXX:5:D4	0	0	2097.7538
PI639930:81FE8ABXX:2:E12	1	0	1975.3516
PI639931:81N4HABXX:5:G7	0	0	1889.8408
PI639932:81N4HABXX:4:C11	0	0	1993.4309
PI639933:81FE8ABXX:1:D11	1	0	2272.6887
PI639934:81N4HABXX:4:B10	1	0	2463.4192
PI639935:81N4HABXX:5:A5	1	0	2024.2449
PI639936:81FE8ABXX:2:D6	1	0	1770.2425
PI639937:81N4HABXX:4:B6	1	0	1867.7125
PI639938:81FE8ABXX:3:F4	1	0	1863.3767
PI639939:81FE8ABXX:3:A1	1	0	1605.4164
PI639940:81FE8ABXX:2:G8	1	0	2050.635
PI639941:81FE8ABXX:3:F5	1	0	1910.0277
PI639942:81N4HABXX:5:E7	0	0	NA
PI639943:81N4HABXX:5:B9	0	0	2004.5716
PI639944:81N4HABXX:5:C2	0	0	2228.6225
PI639945:81FE8ABXX:2:E3	0	0	2017.7583
PI639946:81N4HABXX:5:C7	0	0	1941.0366
PI639947:81FE8ABXX:2:H8	0	0	2159.6392
PI639948:81FE8ABXX:2:H3	0	0	2087.7234
PI639949:81N4HABXX:5:G9	0	0	1840.3905
PI639950:81FE8ABXX:1:B11	0	0	2219.2584
PI641061:81FE8ABXX:3:C6	0	0	1922.9721
PI641062:81N4HABXX:4:B11	0	0	2101.8911
PI641063:81N4HABXX:4:F7	0	0	2157.5954
PI641064:81N4HABXX:4:A10	0	0	2093.2705
PI641065:81N4HABXX:4:C5	0	0	2025.8982
PI641066:81FE8ABXX:2:H2	0	0	1839.4802
PI641067:81N4HABXX:5:B3	0	0	2036.9349
PI641068:81N4HABXX:4:E7	1	0	1703.1526
PI641069:81N4HABXX:5:E4	1	0	1883.0707
PI641070:81FE8ABXX:2:E2	1	0	1664.1233
PI641071:81FE8ABXX:2:H6	1	0	1809.867
PI641072:81FE8ABXX:1:F10	1	0	1837.9583
PI641073:81N4HABXX:4:D12	1	0	1830.2505
PI641074:81N4HABXX:5:E1	1	0	1928.7367
PI641075:81N4HABXX:5:A10	1	0	1828.842
PI641076:81FE8ABXX:3:E7	1	0	1737.8357
PI641224:81N4HABXX:2:C10	NA	0	1893.0156
PI641225:81N4HABXX:1:D5	NA	0	2123.2177
PI641226:81N4HABXX:1:G8	1	0	1710.8827
PI641229:81FE7ABXX:2:G8	1	0	1547.275
PI641230:D0D0BACXX:4:D7	1	0	NA
PI641232:81FE7ABXX:7:G8	NA	0	1915.8803
PI641234:81FE8ABXX:2:F3	1	0	2008.7505
PI641238:81N4HABXX:2:E6	0	0	1869.3093
PI641242:81FE7ABXX:4:A7	NA	0	1613.5619
PI641243:81N4HABXX:3:B6	1	0	1894.6487
PI641244:81N4HABXX:5:H7	NA	0	1949.9772
PI641245:D0D0BACXX:4:B1	NA	0	NA
PI641246:D0D0BACXX:4:D1	NA	0	NA
PI641247:81FE8ABXX:3:E6	1	0	1800.9668
PI641248:D0D0BACXX:4:E7	0	0	NA
PI641249:81N4HABXX:5:F1	NA	0	1955.1433
PI641251:81N4HABXX:4:A9	0	0	1862.6119
PI641252:81FE8ABXX:3:H6	0	0	1706.4713
PI641253:81FE8ABXX:2:F8	0	0	1754.5429
PI641254:81FE8ABXX:2:F10	0	0	1689.1072
PI641255:81FE8ABXX:2:D3	0	0	2101.8009
PI641256:81FE8ABXX:1:E12	0	0	1657.2888
PI641257:81FE8ABXX:3:F1	0	0	1851.1512
PI641258:81FE8ABXX:3:E2	0	0	2176.8922
PI641259:81FE8ABXX:3:D2	NA	0	1998.8119
PI641260:81N4HABXX:5:A9	0	0	1992.0369
PI641261:81FE8ABXX:2:H5	0	0	2260.8671
PI641262:81FE8ABXX:2:C2	0	0	2031.9855
PI641263:81N4HABXX:5:H5	0	0	2283.1965
PI641264:81FE8ABXX:2:H11	0	0	1939.2
PI641265:81N4HABXX:5:B5	0	0	2043.9965
PI641266:81N4HABXX:4:A11	0	0	1746.0987
PI641711:81N4HABXX:5:D9	0	0	1977.6514
PI642762:D0D0BACXX:4:D8	1	0	NA
PI642763:D0D0BACXX:3:F11	1	0	NA
PI642764:D0D0BACXX:4:A9	1	0	NA
PI642765:D0D0BACXX:4:D12	1	0	NA
PI642767:D0D0BACXX:4:E4	NA	0	NA
PI643420:D0D0BACXX:4:E3	1	0	NA
PI644099:81FENABXX:7:A7	1	1	1389.4502
PI644100:81FE8ABXX:1:D8	1	1	1508.9032
PI644101:81FE7ABXX:2:G11	1	0	1620.422
PI644102:81FE8ABXX:6:C5	1	1	1425.5381
PI648423:81N4HABXX:5:D12	1	0	1421.4439
PI648424:81N4HABXX:6:D1	1	0	1597.6373
PI648425:81FE8ABXX:1:G5	NA	0	1568.3286
PI648426:81FE7ABXX:6:E3	1	0	1547.3036
PI648427:81FE7ABXX:4:C11	1	0	1572.0454
PI648428:81N4HABXX:7:C9	1	0	1709.9826
PI648429:81FENABXX:1:H2	1	0	1623.2861
PI648430:81FE7ABXX:6:F6	NA	0	1635.8254
PI648431:81FE7ABXX:5:D7	1	0	1611.9488
PI648432:81FENABXX:2:D1	1	0	1557.6203
PI648433:81FENABXX:2:C6	1	0	1630.3431
PI651532:D0D0BACXX:3:D10	NA	0	NA
PI651537:D0D0BACXX:4:B3	NA	0	NA
PI651538:D0D0BACXX:3:A2	1	0	NA
PI651539:D0D0BACXX:3:E7	1	0	NA
PI651540:D0D0BACXX:3:H12	1	0	NA
PI651541:D0D0BACXX:3:C9	1	0	NA
PI651542:D0D0BACXX:3:H5	1	0	NA
PI651543:D0D0BACXX:3:E11	1	0	NA
PI651544:D0D0BACXX:3:G1	1	0	NA
PI651545:D0D0BACXX:3:A10	1	0	NA
PI654048:81FE8ABXX:2:A6	1	0	1742.8594
PI654049:81FE8ABXX:2:E10	0	0	2265.7365
PI654050:81FE8ABXX:2:D4	0	0	2062.1725
PI654051:D0D0BACXX:4:F8	1	0	NA
PI654052:D0D0BACXX:4:G10	1	0	NA
PI654053:81FE8ABXX:2:F2	1	0	2125.6142
PI659678:D0D0BACXX:3:B6	1	0	NA
PI659679:D0D0BACXX:3:E3	1	0	NA
PI659680:D0D0BACXX:3:F12	1	0	NA
PI659681:D0D0BACXX:3:B11	1	0	NA
R109B:8042MABXX:2:F1	NA	0	1530.4683
R168:8042MABXX:2:A2	NA	0	1428.493
R177:8042MABXX:3:A10	NA	0	1561.532
R229:8042MABXX:3:B6	NA	0	1644.5735
R4:8042MABXX:3:G11	NA	0	1595.3789
SA24:8042MABXX:3:B5	NA	0	1610.1605
SAN_349a-1:81N4HABXX:3:G10	NA	0	1832.0238
SC212M:81FE7ABXX:3:G9	NA	0	1805.1274
SC213R:8042MABXX:2:B8	NA	0	2033.0101
SC235R3:81N4HABXX:3:F4	NA	0	1838.7871
SC276Q2:81FE7ABXX:6:D12	NA	0	1927.0997
SC277:81FE7ABXX:6:B8	NA	0	1995.6399
SC285:81N4HABXX:3:E10	NA	0	1799.2497
SC333:81N4HABXX:2:G2	NA	0	1804.1029
SC343:81N4HABXX:3:B8	NA	0	1917.5919
SC344:81FE7ABXX:7:B5	NA	0	1840.1157
SC353:81FE7ABXX:6:A4	NA	0	2040.158
SC357:8042MABXX:3:G12	NA	0	1744.5235
SC54:81FE7ABXX:6:C9	NA	0	1761.5033
SC55:8042MABXX:3:C12	NA	0	1888.3044
SD40:8042MABXX:3:G9	NA	0	1507.1761
SD44:8042MABXX:3:G4	NA	0	1424.9327
Sg1533:8042MABXX:4:B10	NA	0	1702.2438
Sg18:8042MABXX:2:F5	NA	0	1625.9917
T232:8042MABXX:4:F4	NA	0	1640.3316
T234:8042MABXX:3:A2	NA	0	1773.5302
T8:8042MABXX:3:E8	NA	0	1618.7897
TR_9-1-1-6:81FE8ABXX:4:G10	NA	0	1530.8762
Tx204:81FE8ABXX:7:A11	NA	0	1588.9371
Tx205:81N4HABXX:1:D6	NA	0	1601.3215
Tx303:8042MABXX:3:A3	NA	0	1945.2536
Tx325:81FENABXX:7:F1	NA	0	NA
Tx601:8042MABXX:3:D8	NA	0	2142.0862
Tzi10:8042MABXX:3:G5	NA	0	2217.9465
Tzi11:8042MABXX:3:E12	NA	0	1923.1995
Tzi16:8042MABXX:3:C8	NA	0	1789.743
Tzi18:8042MABXX:3:B7	NA	0	1856.3626
Tzi25:8042MABXX:2:E6	NA	0	1807.7954
Tzi8:8042MABXX:4:C2	NA	0	1931.5967
Tzi9:8042MABXX:3:B3	NA	0	1753.5883
U267Y:8042MABXX:4:G12	NA	0	1879.8404
VA102:8042MABXX:4:F10	NA	0	1587.3584
Va14:8042MABXX:3:G3	NA	0	1697.9287
Va17:8042MABXX:3:F10	NA	0	1630.7802
Va22:8042MABXX:2:B12	NA	0	1557.0728
Va26:8042MABXX:4:H11	NA	0	1508.7417
Va35:8042MABXX:2:F7	NA	0	1487.323
Va59:8042MABXX:2:C5	NA	0	1455.6566
Va85:8042MABXX:4:G5	NA	0	1597.3774
Va99:8042MABXX:2:A11	NA	0	1609.0027
VaW6:8042MABXX:3:C11	NA	0	1586.839
VEN_981a-1:81FE7ABXX:7:H11	NA	0	1659.0052
W117Ht:8042MABXX:2:E4	NA	0	1297.427
W153R:8042MABXX:2:C11	NA	0	1334.9752
W182B:8042MABXX:2:G11	NA	0	1261.1995
W22:8042MABXX:2:A7	NA	0	1575.8574
W22R-r-std_CS-2909-1:8042MABXX:4:D8	NA	NA	1540.7036
W64A:8042MABXX:4:E9	NA	0	1423.0149
WD:8042MABXX:2:G2	NA	0	NA
WD456:81FE8ABXX:6:C8	NA	0	1534.4278
Wf9:8042MABXX:4:B6	NA	0	1486.85
Yu796_NS:8042MABXX:4:H3	NA	0	1454.09
